0.000000
0.000000
0.000000
0.000000
0.000000
0.000000
0.000000
0.000000
0.000000
0.000000
0.000000
0.000000
0.000000
0.000000
0.000000
0.000000
0.000000
0.000000
0.000000
0.000000
0.000000
0.000000
0.000000
0.000000
0.000000
0.000000
0.000000
0.000000
0.000000
0.000000
0.000000
0.000000
0.000000
0.000000
0.000000
0.000000
0.000000
0.000000
0.000000
0.000000
0.000000
0.000000
0.000000
0.000000
0.000000
0.000000
0.000000
0.000000
0.000000
0.000000
0.000000
0.000000
0.000000
0.000000
0.000000
0.000000
0.000000
0.000000
0.000000
0.000000
0.000000
0.000000
0.000000
0.000000
0.000000
0.000000
0.000000
0.000000
0.000000
0.000000
0.000000
0.000000
0.000000
0.000000
0.000000
0.000000
0.000000
0.000000
0.000000
0.000000
0.000000
0.000000
0.000000
0.000000
0.000000
0.000000
0.000000
0.000000
0.000000
0.000000
0.000000
0.000000
0.000000
0.000000
0.000000
0.000000
0.000000
0.000000
0.000000
0.000000
0.000000
0.000000
0.000000
0.000000
0.000000
0.000000
0.000000
0.000000
0.000000
0.000000
0.000000
0.000000
0.000000
0.000000
0.000000
0.000000
0.000000
0.000000
0.000000
0.000000
0.000000
0.000000
0.000000
0.000000
0.000000
0.000000
0.000000
0.000000
0.000000
0.000000
0.000000
0.000000
0.000000
0.000000
0.000000
0.000000
0.000000
0.000000
0.000000
0.000000
0.000000
0.000000
0.000000
0.000000
0.000000
0.000000
0.000000
0.000000
0.000000
0.000000
0.000000
0.000000
0.000000
0.000000
0.000000
0.000000
0.000000
0.000000
0.000000
0.000000
0.000000
0.000000
0.000000
0.000000
0.000000
0.000000
0.000000
0.000000
0.000000
0.000000
0.000000
0.000000
0.000000
0.000000
0.000000
0.000000
0.000000
0.000000
0.000000
0.000000
0.000000
0.000000
0.000000
0.000000
0.000000
0.000000
0.000000
0.000000
0.000000
0.000000
0.000000
0.000000
0.000000
0.000000
0.000000
0.000000
0.000000
0.000000
0.000000
0.000000
0.000000
0.129020
0.246203
0.359882
0.468438
0.570326
0.664095
0.748411
0.822074
0.884035
0.933411
0.969501
0.991790
0.999961
0.993898
0.973687
0.939615
0.892169
0.832022
0.760032
0.677223
0.584774
0.484001
0.376338
0.263318
0.146550
0.027696
-0.091553
-0.209498
-0.324462
-0.434806
-0.538961
-0.635444
-0.722882
-0.800030
-0.865789
-0.919224
-0.959575
-0.986265
-0.998917
-0.997349
-0.981584
-0.951846
-0.908560
-0.852339
-0.783987
-0.704474
-0.614933
-0.516639
-0.410990
-0.299491
-0.183729
-0.065352
0.053956
0.172496
0.288580
0.400556
0.506831
0.605891
0.696326
0.776849
0.846314
0.903731
0.948285
0.979339
0.996453
0.999383
0.988087
0.962725
0.923659
0.871445
0.806827
0.730723
0.644218
0.548542
0.445058
0.335239
0.220647
0.102915
-0.016282
-0.135248
-0.252288
-0.365737
-0.473980
-0.575476
-0.668780
-0.752564
-0.825635
-0.886954
-0.935647
-0.971022
-0.992574
-0.999997
-0.993185
-0.972235
-0.937446
-0.889313
-0.828520
-0.755934
-0.672587
-0.579666
-0.478493
-0.370509
-0.257252
-0.140332
-0.021414
0.097808
0.215638
0.330398
0.440456
0.544243
0.640283
0.727209
0.803784
0.868916
0.921680
0.961324
0.987284
0.999189
0.996872
0.980364
0.949901
0.905917
0.849037
0.780071
0.700000
0.609966
0.511249
0.405254
0.293490
0.177549
0.059081
-0.060229
-0.178681
-0.294590
-0.406305
-0.512237
-0.610877
-0.700822
-0.780790
-0.849644
-0.906403
-0.950260
-0.980591
-0.996962
-0.999142
-0.987100
-0.961007
-0.921233
-0.868346
-0.803099
-0.726419
-0.639399
-0.543278
-0.439423
-0.329312
-0.214514
-0.096663
0.022564
0.141471
0.258363
0.371578
0.479503
0.580603
0.673438
0.756687
0.829164
0.889838
0.937846
0.972504
0.993318
0.999993
0.992433
0.970746
0.935241
0.886422
0.824986
0.751806
0.667924
0.574535
0.472967
0.364666
0.251175
0.134108
0.015132
-0.104059
-0.221769
-0.336322
-0.446088
-0.549504
-0.645097
-0.731508
-0.807506
-0.872009
-0.924100
-0.963036
-0.988263
-0.999423
-0.996356
-0.979106
0.000000
0.000000
0.000000
0.000000
0.000000
0.000000
0.000000
0.000000
0.000000
0.000000
0.000000
0.000000
0.000000
0.000000
0.000000
0.000000
0.000000
0.000000
0.000000
0.000000
0.000000
0.000000
0.000000
0.000000
0.000000
0.000000
0.000000
0.000000
0.000000
0.000000
0.000000
0.000000
0.000000
0.000000
0.000000
0.000000
0.000000
0.000000
0.000000
0.000000
0.000000
0.000000
0.000000
0.000000
0.000000
0.000000
0.000000
0.000000
0.000000
0.000000
0.000000
0.000000
0.000000
0.000000
0.000000
0.000000
0.000000
0.000000
0.000000
0.000000
0.000000
0.000000
0.000000
0.000000
0.000000
0.000000
0.000000
0.000000
0.000000
0.000000
0.000000
0.000000
0.000000
0.000000
0.000000
0.000000
0.000000
0.000000
0.000000
0.000000
0.000000
0.000000
0.000000
0.000000
0.000000
0.000000
0.000000
0.000000
0.000000
0.000000
0.000000
0.000000
0.000000
0.000000
0.000000
0.000000
0.000000
0.000000
0.000000
0.000000
0.000000
0.000000
0.000000
0.000000
