-259469.504942
-259467.848695
-259466.723697
-259469.942441
-259469.723691
-259468.504944
-259468.004945
-259468.911193
-259467.598695
-259468.411194
-259467.379946
-259469.473692
-259468.504944
-259467.754945
-259467.473696
-259468.348694
-259468.098694
-259467.692445
-259468.567444
-259468.286194
-259469.598692
-259469.567442
-259469.129942
-259467.536195
-259466.567447
-259467.442446
-259468.067444
-259468.661193
-259468.786193
-259469.067443
-259469.317442
-259468.473694
-259467.942445
-259467.754945
-259469.036193
-259469.317442
-259467.817445
-259467.348696
-259467.942445
-259469.817441
-259470.348690
-259468.223694
-259467.817445
-259468.723693
-259467.973695
-259468.473694
-259468.973693
-259469.098693
-259469.567442
-259469.848691
-259466.817447
-259466.411198
-259467.786195
-259467.848695
-259468.504944
-259469.161192
-259468.348694
-259467.786195
-259468.098694
-259467.942445
-259467.661195
-259468.911193
-259467.629945
-259467.723695
-259467.473696
-259468.129944
-259469.536192
-259469.629942
-259469.348692
-259465.598699
-259467.473696
-259467.817445
-259468.098694
-259469.286192
-259468.254944
-259466.536197
-259469.161192
-259468.379944
-259468.348694
-259467.879945
-259466.848697
-259466.817447
-259468.911193
-259470.379940
-259468.754943
-259468.129944
-259466.723697
-259467.442446
-259468.661193
-259468.442444
-259469.286192
-259469.379942
-259468.161194
-259467.286196
-259469.567442
-259468.254944
-259467.754945
-259468.661193
-259469.067443
-259468.973693
-259468.848693
-259468.192444
-259469.348692
-259469.129942
-259468.473694
-259468.442444
-259468.723693
-259467.942445
-259468.036195
-259467.692445
-259467.754945
-259467.598695
-259468.192444
-259468.848693
-259467.754945
-259468.786193
-259467.973695
-259467.504945
-259468.317444
-259468.536194
-259467.692445
-259467.754945
-259468.879943
-259468.786193
-259469.067443
-259467.817445
-259469.192442
-259469.129942
-259469.036193
-259468.598693
-259468.129944
-259468.192444
-259466.317448
-259467.098696
-259467.911195
-259468.723693
-259468.442444
-259468.286194
-259467.911195
-259468.286194
-259467.629945
-259467.973695
-259467.629945
-259468.879943
-259468.567444
-259468.192444
-259467.848695
-259468.286194
-259468.504944
-259468.723693
-259467.161196
-259468.567444
-259469.036193
-259468.161194
-259468.567444
-259466.754947
-259468.598693
-259468.411194
-259468.348694
-259470.067441
-259468.098694
-259467.973695
-259468.754943
-259467.098696
-259468.442444
-259468.067444
-259467.879945
-259468.754943
-259468.442444
-259468.442444
-259468.567444
-259469.661192
-259469.129942
-259468.348694
-259468.004945
-259468.286194
-259468.504944
-259468.036195
-259467.129946
-259467.567445
-259468.973693
-259469.098693
-259467.536195
-259466.786197
-259468.692443
-259469.348692
-259467.567445
-259468.973693
-259468.817443
-259469.254942
-259468.504944
-259468.098694
-259468.786193
-259467.442446
-259467.286196
-259469.067443
-259469.004943
-259467.379946
-259466.223698
-259468.598693
-259469.411192
-259468.567444
-259468.973693
-259469.129942
-259467.692445
-259467.129946
-259469.129942
-259468.317444
-259467.692445
-259469.879941
-259468.598693
-259470.036191
-259469.598692
-259468.129944
-259467.629945
-259468.192444
-259468.192444
-259468.629943
-259467.348696
-259468.754943
-259471.036189
-259468.348694
-259467.223696
-259468.223694
-259467.848695
-259468.723693
-259466.379948
-259466.567447
-259468.004945
-259467.286196
-259466.754947
-259467.161196
-259468.598693
-259468.723693
-259467.036196
-259467.598695
-259466.848697
-259468.161194
-259468.942443
-259467.223696
-259469.442442
-259469.723691
-259469.129942
-259468.223694
-259468.036195
-259468.786193
-259466.911197
-259468.067444
-259469.286192
-259465.504949
-259468.036195
-259469.817441
-259469.129942
-259468.036195
-259469.536192
-259469.661192
-259469.161192
-259468.192444
-259468.098694
-259468.348694
-259467.379946
-259469.379942
-259470.254940
-259469.286192
-259467.536195
-259467.254946
-259468.536194
-259467.629945
-259467.223696
-259468.223694
-259469.192442
-259469.598692
-259468.379944
-259467.129946
-259469.036193
-259468.911193
-259468.067444
-259469.473692
-259468.504944
-259467.786195
-259468.536194
-259469.036193
-259469.786191
-259469.754941
-259468.192444
-259468.379944
-259468.036195
-259468.098694
-259468.348694
-259468.411194
-259468.317444
-259468.098694
-259468.067444
-259467.567445
-259468.286194
-259467.379946
-259466.348698
-259467.911195
-259468.129944
-259468.504944
-259470.348690
-259469.036193
-259467.879945
-259467.786195
-259468.504944
-259467.286196
-259468.192444
-259467.223696
-259467.723695
-259468.723693
-259468.692443
-259468.286194
-259469.223692
-259467.504945
-259466.692447
-259467.254946
-259468.567444
-259468.786193
-259468.192444
-259468.067444
-259467.098696
-259466.817447
-259467.692445
-259468.317444
-259469.067443
-259467.942445
-259467.536195
-259469.348692
-259468.473694
-259467.536195
-259467.192446
-259467.848695
-259467.879945
-259468.692443
-259467.411196
-259467.036196
-259468.723693
-259467.598695
-259468.098694
-259468.161194
-259468.598693
-259468.098694
-259466.317448
-259466.911197
-259468.536194
-259469.473692
-259467.973695
-259468.973693
-259469.286192
-259466.879947
-259467.661195
-259468.473694
-259468.317444
-259468.129944
-259469.036193
-259468.911193
-259468.223694
-259467.317446
-259467.723695
-259468.317444
-259468.598693
-259465.973698
-259467.254946
-259468.692443
-259467.973695
-259468.098694
-259467.817445
-259468.317444
-259468.192444
-259468.661193
-259469.754941
-259469.254942
-259469.348692
-259468.098694
-259467.786195
-259469.098693
-259468.879943
-259467.786195
-259469.442442
-259468.473694
-259468.192444
-259467.754945
-259468.848693
-259469.629942
-259467.348696
-259468.098694
-259471.286189
-259468.911193
-259467.848695
-259468.473694
-259468.848693
-259467.254946
-259467.536195
-259468.692443
-259469.317442
-259468.286194
-259468.723693
-259467.442446
-259468.286194
-259468.442444
-259468.036195
-259469.317442
-259467.223696
-259467.723695
-259468.317444
-259467.286196
-259466.661197
-259468.223694
-259467.723695
-259467.786195
-259467.286196
-259468.098694
-259469.567442
-259468.223694
-259467.817445
-259468.567444
-259468.911193
-259466.973696
-259467.723695
-259468.348694
-259469.317442
-259468.223694
-259468.629943
-259467.348696
-259466.942447
-259468.848693
-259468.411194
-259468.661193
-259468.879943
-259468.754943
-259468.098694
-259469.379942
-259467.754945
-259468.723693
-259467.817445
-259465.036200
-259469.442442
-259470.817439
-259469.504942
-259467.036196
-259468.661193
-259468.286194
-259465.942448
-259467.723695
-259469.536192
-259469.723691
-259468.442444
-259469.348692
-259468.286194
-259466.348698
-259465.161200
-259466.161198
-259468.754943
-259468.692443
-259468.598693
-259468.192444
-259469.411192
-259468.598693
-259467.536195
-259468.911193
-259468.411194
-259468.317444
-259466.004948
-259468.379944
-259467.786195
-259465.879948
-259467.317446
-259467.254946
-259468.098694
-259469.192442
-259468.598693
-259468.911193
-259469.286192
-259469.504942
-259468.161194
-259468.692443
-259468.817443
-259469.442442
-259468.848693
-259468.192444
-259468.223694
-259468.067444
-259466.754947
-259468.723693
-259469.379942
-259468.317444
-259467.161196
-259466.286198
-259468.442444
-259467.379946
-259468.629943
-259468.598693
-259467.911195
-259467.692445
-259468.223694
-259467.254946
-259468.411194
-259469.254942
-259467.911195
-259465.879948
-259467.536195
-259468.442444
-259468.629943
-259468.754943
-259467.942445
-259467.223696
-259467.504945
-259467.504945
-259467.098696
-259467.723695
-259468.129944
-259468.911193
-259469.473692
-259467.598695
-259466.379948
-259469.254942
-259468.286194
-259468.223694
-259469.348692
-259468.411194
-259467.942445
-259468.036195
-259468.192444
-259468.661193
-259468.254944
-259469.973691
-259469.536192
-259467.754945
-259468.661193
-259468.754943
-259468.723693
-259467.973695
-259470.067441
-259469.629942
-259468.254944
-259468.536194
-259467.504945
-259468.817443
-259469.036193
-259469.442442
-259468.692443
-259468.317444
-259467.661195
-259465.879948
-259466.473697
-259469.192442
-259467.942445
-259468.254944
-259469.129942
-259467.973695
-259468.473694
-259468.942443
-259469.473692
-259468.567444
-259467.223696
-259468.692443
-259467.973695
-259469.504942
-259468.692443
-259468.911193
-259467.692445
-259470.129941
-259467.567445
-259466.286198
-259468.629943
-259469.754941
-259468.379944
-259468.004945
-259468.473694
-259467.536195
-259467.473696
-259468.254944
-259466.661197
-259468.317444
-259467.942445
-259468.754943
-259468.348694
-259467.567445
-259468.567444
-259469.161192
-259468.411194
-259468.254944
-259469.223692
-259467.504945
-259467.442446
-259469.817441
-259468.192444
-259467.692445
-259468.911193
-259467.598695
-259467.598695
-259468.504944
-259468.036195
-259468.067444
-259468.786193
-259468.129944
-259468.317444
-259467.692445
-259468.098694
-259469.348692
-259469.317442
-259467.598695
-259467.786195
-259469.223692
-259468.442444
-259467.786195
-259468.161194
-259468.192444
-259467.911195
-259469.286192
-259468.598693
-259469.223692
-259469.754941
-259468.723693
-259467.504945
-259467.348696
-259467.161196
-259468.286194
-259467.942445
-259468.223694
-259469.379942
-259468.192444
-259468.129944
-259468.192444
-259469.661192
-259469.848691
-259469.161192
-259467.879945
-259468.879943
-259467.942445
-259467.629945
-259467.911195
-259466.911197
-259468.661193
-259468.567444
-259468.254944
-259468.598693
-259468.817443
-259468.754943
-259467.942445
-259469.254942
-259467.598695
-259468.661193
-259468.754943
-259465.504949
-259467.786195
-259468.536194
-259468.723693
-259467.973695
-259467.223696
-259469.317442
-259469.661192
-259467.754945
-259468.598693
-259469.067443
-259468.911193
-259469.473692
-259470.254940
-259468.348694
-259468.317444
-259470.692440
-259468.317444
-259466.879947
-259469.004943
-259468.911193
-259468.536194
-259469.411192
-259466.786197
-259468.161194
-259468.254944
-259468.598693
-259468.254944
-259467.567445
-259467.536195
-259465.879948
-259466.754947
-259469.442442
-259469.161192
-259467.692445
-259469.004943
-259468.973693
-259468.504944
-259467.973695
-259468.567444
-259469.254942
-259468.411194
-259467.942445
-259468.911193
-259468.286194
-259469.379942
-259466.411198
-259468.723693
-259469.942441
-259469.504942
-259470.098691
-259468.911193
-259468.254944
-259468.161194
-259467.536195
-259469.192442
-259468.567444
-259467.973695
-259468.067444
-259468.192444
-259467.098696
-259466.754947
-259468.254944
-259468.848693
-259469.317442
-259468.598693
-259468.473694
-259468.411194
-259467.942445
-259467.442446
-259468.754943
-259467.692445
-259467.598695
-259469.067443
-259468.942443
-259467.692445
-259466.911197
-259467.973695
-259468.536194
-259469.629942
-259467.442446
-259467.973695
-259467.973695
-259468.567444
-259469.848691
-259470.598690
-259468.567444
-259468.379944
-259469.442442
-259468.223694
-259467.473696
-259469.379942
-259469.004943
-259469.473692
-259466.411198
-259468.004945
-259469.036193
-259469.192442
-259470.348690
-259469.254942
-259468.317444
-259467.942445
-259469.286192
-259468.536194
-259467.598695
-259470.098691
-259468.379944
-259467.911195
-259469.411192
-259468.786193
-259468.254944
-259469.254942
-259470.129941
-259470.223690
-259469.536192
-259467.879945
-259468.379944
-259466.848697
-259468.004945
-259468.504944
-259467.754945
-259468.661193
-259469.629942
-259469.473692
-259467.942445
-259467.692445
-259469.504942
-259469.004943
-259467.379946
-259470.192441
-259468.192444
-259469.504942
-259468.098694
-259467.536195
-259468.161194
-259469.129942
-259468.629943
-259467.286196
-259468.442444
-259468.129944
-259468.004945
-259466.348698
-259467.223696
-259467.286196
-259468.723693
-259469.598692
-259466.567447
-259468.223694
-259467.879945
-259468.098694
-259468.098694
-259467.879945
-259468.692443
-259469.317442
-259470.411190
-259469.036193
-259467.786195
-259469.661192
-259469.129942
-259468.098694
-259467.348696
-259468.473694
-259467.973695
-259469.004943
-259468.317444
-259467.129946
-259467.442446
-259468.879943
-259468.879943
-259468.504944
-259468.129944
-259467.973695
-259468.411194
-259468.629943
-259467.817445
-259467.629945
-259468.411194
-259468.629943
-259468.598693
-259469.973691
-259468.254944
-259467.692445
-259468.879943
-259468.504944
-259468.536194
-259468.973693
-259467.411196
-259467.692445
-259469.754941
-259468.129944
-259467.692445
-259467.598695
-259468.286194
-259468.098694
-259467.379946
-259469.536192
-259469.004943
-259467.692445
-259468.754943
-259468.129944
-259467.442446
-259467.567445
-259468.286194
-259467.161196
-259468.504944
-259467.567445
-259468.317444
-259467.317446
-259468.067444
-259467.473696
-259467.004946
-259467.723695
-259468.911193
-259470.286190
-259468.223694
-259467.379946
-259468.661193
-259468.848693
-259469.442442
-259467.661195
-259468.723693
-259467.911195
-259469.286192
-259469.223692
-259467.254946
-259467.223696
-259467.817445
-259468.036195
-259467.879945
-259467.942445
-259469.254942
-259468.442444
-259468.629943
-259468.692443
-259467.254946
-259468.817443
-259468.411194
-259467.723695
-259466.754947
-259468.911193
-259469.036193
-259468.286194
-259468.942443
-259468.317444
-259467.192446
-259468.348694
-259468.911193
-259467.567445
-259468.004945
-259469.786191
-259468.754943
-259469.754941
-259469.129942
-259468.348694
-259470.223690
-259467.192446
-259466.504947
-259467.348696
-259468.786193
-259468.817443
-259467.067446
-259467.879945
-259469.411192
-259468.911193
-259467.661195
-259467.223696
-259467.817445
-259467.567445
-259467.098696
-259468.754943
-259466.442447
-259466.786197
-259468.504944
-259468.286194
-259468.442444
-259468.254944
-259467.973695
-259467.379946
-259468.286194
-259469.004943
-259467.254946
-259467.848695
-259467.692445
-259469.192442
-259468.536194
-259467.973695
-259469.161192
-259469.411192
-259467.004946
-259466.629947
-259466.942447
-259467.286196
-259468.536194
-259468.754943
-259467.442446
-259468.911193
-259468.692443
-259468.442444
-259468.848693
-259468.723693
-259468.317444
-259467.786195
-259466.754947
-259467.004946
-259469.879941
-259470.661190
-259469.504942
-259468.254944
-259469.692441
-259469.348692
-259465.754949
-259468.473694
-259468.536194
-259467.317446
-259469.129942
-259469.754941
-259468.567444
-259467.661195
-259467.317446
-259467.817445
-259469.973691
-259469.411192
-259467.036196
-259468.067444
-259469.942441
-259468.504944
-259470.004941
-259469.629942
-259468.848693
-259468.067444
-259466.598697
-259467.442446
-259467.629945
-259469.348692
-259468.661193
-259468.504944
-259469.567442
-259468.536194
-259467.973695
-259468.911193
-259468.161194
-259467.129946
-259468.411194
-259468.661193
-259469.723691
-259470.036191
-259468.567444
-259468.161194
-259468.817443
-259467.723695
-259468.098694
-259469.973691
-259468.129944
-259468.723693
-259469.411192
-259468.067444
-259466.973696
-259467.536195
-259469.692441
-259470.348690
-259467.536195
-259466.817447
-259468.786193
-259469.004943
-259469.754941
-259467.817445
-259467.942445
-259468.348694
-259469.129942
-259468.817443
-259467.973695
-259468.254944
-259468.411194
-259468.661193
-259468.317444
-259468.254944
-259468.067444
-259467.411196
-259468.567444
-259467.536195
-259467.973695
-259467.879945
-259467.817445
-259469.254942
-259467.192446
-259468.661193
-259469.379942
-259467.973695
-259468.098694
-259468.848693
-259468.067444
-259467.942445
-259468.598693
-259468.442444
-259467.661195
-259468.817443
-259467.629945
-259469.161192
-259468.848693
-259467.067446
-259467.754945
-259468.223694
-259466.973696
-259467.692445
-259470.348690
-259468.848693
-259468.411194
-259468.598693
-259467.192446
-259467.504945
-259469.786191
-259468.411194
-259468.129944
-259470.348690
-259469.817441
-259469.036193
-259468.661193
-259467.723695
-259467.817445
-259467.911195
-259469.567442
-259469.504942
-259467.567445
-259467.411196
-259467.942445
-259468.661193
-259469.254942
-259468.348694
-259466.598697
-259467.911195
-259469.192442
-259470.192441
-259469.223692
-259470.067441
-259468.442444
-259467.223696
-259469.004943
-259467.223696
-259467.473696
-259469.254942
-259467.723695
-259468.192444
-259467.879945
-259465.786199
-259468.036195
-259468.754943
-259469.129942
-259470.129941
-259468.098694
-259469.786191
-259469.848691
-259466.629947
-259467.598695
-259468.942443
-259468.942443
-259468.442444
-259467.411196
-259468.879943
-259468.661193
-259467.348696
-259467.161196
-259468.504944
-259468.911193
-259469.129942
-259469.536192
-259468.004945
-259467.379946
-259470.223690
-259470.161191
-259469.192442
-259468.254944
-259468.223694
-259467.817445
-259467.254946
-259466.973696
-259468.254944
-259468.754943
-259468.848693
-259466.223698
-259466.661197
-259467.004946
-259468.411194
-259467.129946
-259467.473696
-259468.223694
-259468.661193
-259469.442442
-259468.911193
-259466.942447
-259466.598697
-259466.817447
-259468.661193
-259467.786195
-259468.254944
-259469.286192
-259467.504945
-259469.192442
-259467.473696
-259468.036195
-259467.473696
-259467.911195
-259468.754943
-259467.254946
-259467.598695
-259469.098693
-259469.129942
-259467.723695
-259467.223696
-259468.129944
-259468.442444
-259468.129944
-259468.504944
-259469.036193
-259468.973693
-259468.348694
-259469.067443
-259468.286194
-259466.879947
-259467.817445
-259468.692443
-259469.473692
-259467.661195
-259469.254942
-259468.379944
-259468.442444
-259467.536195
-259467.911195
-259469.504942
-259466.473697
-259467.661195
-259469.504942
-259467.817445
-259466.911197
-259467.629945
-259468.161194
-259468.942443
-259469.598692
-259469.536192
-259469.192442
-259468.942443
-259468.504944
-259468.004945
-259467.067446
-259470.004941
-259471.442438
-259469.192442
-259466.129948
-259469.473692
-259469.286192
-259468.379944
-259467.786195
-259468.911193
-259468.192444
-259469.536192
-259469.317442
-259468.754943
-259468.598693
-259468.661193
-259466.223698
-259468.348694
-259468.786193
-259467.879945
-259470.254940
-259470.473690
-259467.598695
-259469.129942
-259469.942441
-259468.129944
-259467.786195
-259467.598695
-259469.317442
-259467.723695
-259469.536192
-259470.317440
-259469.817441
-259469.161192
-259467.286196
-259468.161194
-259468.661193
-259467.973695
-259468.004945
-259468.348694
-259467.286196
-259466.629947
-259467.067446
-259467.286196
-259468.098694
-259467.567445
-259467.629945
-259467.942445
-259469.786191
-259468.598693
-259467.567445
-259468.379944
-259469.942441
-259468.161194
-259466.848697
-259466.348698
-259468.629943
-259468.317444
-259467.223696
-259469.348692
-259469.004943
-259468.411194
-259470.036191
-259468.379944
-259468.473694
-259469.504942
-259469.036193
-259468.567444
-259468.192444
-259467.536195
-259468.223694
-259468.067444
-259468.379944
-259467.817445
-259467.098696
-259468.786193
-259468.067444
-259466.536197
-259467.473696
-259468.004945
-259468.379944
-259469.129942
-259468.442444
-259468.723693
-259469.129942
-259466.379948
-259467.598695
-259467.598695
-259468.504944
-259469.536192
-259468.129944
-259468.317444
-259468.067444
-259468.661193
-259469.629942
-259468.348694
-259468.786193
-259467.629945
-259467.567445
-259469.286192
-259468.161194
-259468.754943
-259468.379944
-259467.817445
-259469.504942
-259467.723695
-259468.817443
-259467.129946
-259466.786197
-259467.629945
-259468.723693
-259469.411192
-259469.598692
-259469.067443
-259468.504944
-259467.723695
-259467.473696
-259467.348696
-259467.629945
-259467.254946
-259468.379944
-259467.723695
-259467.379946
-259469.286192
-259469.098693
-259467.379946
-259467.129946
-259467.536195
-259467.661195
-259468.129944
-259468.004945
-259467.692445
-259468.129944
-259470.411190
-259468.911193
-259469.942441
-259468.129944
-259469.442442
-259468.223694
-259468.254944
-259469.223692
-259469.629942
-259468.161194
-259468.942443
-259468.911193
-259469.036193
-259469.067443
-259468.911193
-259468.536194
-259467.942445
-259467.786195
-259468.442444
-259468.911193
-259468.348694
-259468.848693
-259469.348692
-259468.504944
-259468.192444
-259468.661193
-259469.504942
-259468.629943
-259469.036193
-259467.067446
-259468.942443
-259468.692443
-259468.661193
-259467.442446
-259468.286194
-259467.254946
-259468.254944
-259468.348694
-259466.254948
-259467.598695
-259466.879947
-259469.536192
-259469.286192
-259469.567442
-259468.973693
-259468.629943
-259468.286194
-259468.192444
-259467.379946
-259468.723693
-259470.629940
-259469.348692
-259466.692447
-259468.754943
-259469.254942
-259468.317444
-259466.942447
-259467.348696
-259469.036193
-259468.161194
-259469.286192
-259468.504944
-259468.942443
-259467.286196
-259465.911198
-259468.598693
-259468.536194
-259469.161192
-259467.067446
-259467.942445
-259468.161194
-259467.661195
-259469.098693
-259470.129941
-259468.317444
-259466.536197
-259468.036195
-259467.567445
-259468.442444
-259469.317442
-259469.411192
-259469.192442
-259468.723693
-259468.004945
-259469.411192
-259467.723695
-259467.504945
-259466.973696
-259468.442444
-259467.692445
-259467.036196
-259468.254944
-259468.692443
-259467.911195
-259467.317446
-259468.661193
-259468.286194
-259467.786195
-259468.536194
-259469.348692
-259469.004943
-259468.598693
-259469.879941
-259468.786193
-259467.879945
-259465.692449
-259467.942445
-259466.598697
-259468.004945
-259468.848693
-259470.254940
-259468.911193
-259467.473696
-259469.442442
-259469.504942
-259468.223694
-259468.629943
-259467.348696
-259469.286192
-259469.692441
-259467.286196
-259467.473696
-259468.348694
-259469.348692
-259469.629942
-259467.036196
-259468.379944
-259468.067444
-259468.567444
-259469.817441
-259467.754945
-259467.973695
-259468.129944
-259467.379946
-259467.879945
-259468.129944
-259467.942445
-259467.067446
-259467.723695
-259466.911197
-259467.504945
-259469.129942
-259471.536188
-259468.911193
-259466.754947
-259469.754941
-259469.942441
-259467.067446
-259467.442446
-259468.879943
-259469.098693
-259468.692443
-259468.223694
-259467.817445
-259466.942447
-259466.879947
-259467.973695
-259468.004945
-259468.348694
-259466.629947
-259468.536194
-259470.067441
-259468.036195
-259467.411196
-259468.473694
-259467.786195
-259468.223694
-259467.911195
-259467.286196
-259466.598697
-259469.504942
-259469.067443
-259468.348694
-259469.442442
-259468.723693
-259467.286196
-259467.442446
-259466.848697
-259466.817447
-259468.036195
-259469.598692
-259469.442442
-259468.067444
-259467.348696
-259469.254942
-259468.754943
-259467.848695
-259468.973693
-259469.411192
-259468.004945
-259468.067444
-259467.661195
-259469.317442
-259468.942443
-259467.848695
-259469.098693
-259468.661193
-259468.536194
-259469.567442
-259468.848693
-259468.317444
-259469.692441
-259467.067446
-259467.661195
-259469.817441
-259469.442442
-259467.973695
-259467.504945
-259468.286194
-259467.879945
-259468.004945
-259469.567442
-259469.692441
-259468.504944
-259468.879943
-259469.004943
-259467.379946
-259468.098694
-259467.817445
-259468.473694
-259470.504940
-259469.379942
-259469.348692
-259467.942445
-259467.848695
-259467.411196
-259467.817445
-259467.504945
-259469.317442
-259470.379940
-259467.598695
-259466.754947
-259469.629942
-259468.067444
-259467.817445
-259468.473694
-259468.192444
-259469.817441
-259468.692443
-259468.098694
-259469.098693
-259469.129942
-259469.254942
-259467.879945
-259468.129944
-259468.754943
-259470.442440
-259469.036193
-259467.786195
-259469.067443
-259468.661193
-259468.848693
-259468.004945
-259467.129946
-259468.192444
-259468.223694
-259468.223694
-259469.348692
-259469.192442
-259468.286194
-259467.723695
-259468.317444
-259468.317444
-259468.504944
-259467.786195
-259467.661195
-259469.098693
-259468.348694
-259467.036196
-259468.067444
-259469.036193
-259469.254942
-259469.067443
-259468.942443
-259468.223694
-259468.661193
-259467.879945
-259467.661195
-259468.254944
-259468.098694
-259466.723697
-259467.723695
-259467.692445
-259467.723695
-259469.254942
-259468.629943
-259466.504947
-259469.129942
-259468.786193
-259468.442444
-259469.661192
-259469.223692
-259467.879945
-259467.879945
-259468.754943
-259467.754945
-259467.848695
-259467.504945
-259466.879947
-259468.379944
-259468.567444
-259468.254944
-259469.442442
-259469.223692
-259469.598692
-259469.161192
-259468.536194
-259468.504944
-259467.004946
-259467.129946
-259467.504945
-259467.723695
-259469.129942
-259469.879941
-259470.036191
-259468.129944
-259467.848695
-259467.942445
-259467.661195
-259469.661192
-259469.036193
-259468.567444
-259468.629943
-259467.942445
-259469.098693
-259468.567444
-259468.129944
-259468.661193
-259469.661192
-259467.786195
-259469.129942
-259468.598693
-259468.254944
-259468.661193
-259469.098693
-259469.661192
-259469.442442
-259468.629943
-259467.317446
-259467.567445
-259468.661193
-259469.661192
-259468.473694
-259468.504944
-259469.754941
-259468.754943
-259468.879943
-259467.254946
-259468.004945
-259468.629943
-259467.848695
-259467.598695
-259467.004946
-259470.036191
-259470.129941
-259469.192442
-259467.379946
-259469.442442
-259468.661193
-259469.786191
-259468.504944
-259468.067444
-259469.192442
-259470.254940
-259469.692441
-259468.379944
-259468.723693
-259467.567445
-259466.661197
-259468.692443
-259469.161192
-259469.223692
-259469.286192
-259468.598693
-259468.098694
-259469.254942
-259469.723691
-259468.848693
-259468.067444
-259467.567445
-259468.692443
-259469.817441
-259467.254946
-259466.098698
-259470.192441
-259468.848693
-259468.161194
-259468.723693
-259468.411194
-259467.817445
-259468.348694
-259468.004945
-259466.723697
-259467.973695
-259468.817443
-259468.629943
-259468.973693
-259469.223692
-259468.504944
-259468.004945
-259467.692445
-259467.473696
-259468.504944
-259467.817445
-259468.254944
-259468.754943
-259468.536194
-259468.473694
-259467.286196
-259468.223694
-259467.786195
-259468.286194
-259469.536192
-259469.004943
-259468.754943
-259467.942445
-259469.067443
-259469.973691
-259470.067441
-259468.473694
-259469.286192
-259468.723693
-259466.973696
-259468.723693
-259468.317444
-259467.536195
-259468.036195
-259469.661192
-259468.161194
-259467.629945
-259468.036195
-259468.504944
-259467.129946
-259466.723697
-259467.786195
-259467.411196
-259468.129944
-259467.192446
-259466.754947
-259467.348696
-259468.598693
-259467.817445
-259468.661193
-259468.723693
-259468.754943
-259469.098693
-259469.067443
-259468.192444
-259468.754943
-259469.192442
-259469.004943
-259467.661195
-259467.911195
-259468.817443
-259468.192444
-259468.442444
-259467.254946
-259467.942445
-259468.192444
-259467.254946
-259466.473697
-259468.129944
-259468.192444
-259468.973693
-259468.348694
-259468.567444
-259466.879947
-259467.629945
-259468.817443
-259467.973695
-259468.254944
-259468.754943
-259467.848695
-259467.629945
-259467.536195
-259469.129942
-259468.129944
-259468.411194
-259469.879941
-259467.442446
-259467.286196
-259468.379944
-259469.317442
-259470.348690
-259467.754945
-259466.098698
-259467.004946
-259468.411194
-259468.411194
-259468.973693
-259469.161192
-259468.692443
-259468.317444
-259465.723699
-259468.098694
-259469.223692
-259468.598693
-259469.754941
-259467.942445
-259468.067444
-259469.161192
-259467.754945
-259468.848693
-259467.067446
-259467.598695
-259468.598693
-259466.848697
-259468.973693
-259469.036193
-259469.067443
-259467.754945
-259468.879943
-259466.786197
-259467.536195
-259468.879943
-259468.098694
-259469.223692
-259469.067443
-259467.911195
-259467.192446
-259469.442442
-259468.192444
-259466.411198
-259468.911193
-259468.411194
-259468.848693
-259468.473694
-259468.661193
-259467.879945
-259468.723693
-259468.504944
-259467.223696
-259468.254944
-259469.129942
-259469.192442
-259468.192444
-259468.598693
-259468.536194
-259468.223694
-259467.942445
-259467.567445
-259468.661193
-259468.629943
-259468.004945
-259467.786195
-259468.504944
-259469.067443
-259468.192444
-259468.817443
-259468.942443
-259467.817445
-259466.754947
-259468.004945
-259469.473692
-259467.817445
-259466.848697
-259468.317444
-259468.504944
-259468.098694
-259466.473697
-259465.973698
-259468.567444
-259470.036191
-259468.629943
-259468.192444
-259468.911193
-259467.317446
-259466.973696
-259467.348696
-259468.536194
-259470.786189
-259469.192442
-259468.004945
-259468.098694
-259467.786195
-259467.817445
-259466.317448
-259468.442444
-259469.004943
-259469.786191
-259468.067444
-259468.067444
-259470.317440
-259468.411194
-259467.692445
-259467.536195
-259467.348696
-259468.286194
-259469.911191
-259468.786193
-259469.036193
-259469.129942
-259469.129942
-259469.692441
-259468.973693
-259467.973695
-259468.567444
-259468.098694
-259468.817443
-259468.598693
-259468.223694
-259467.004946
-259469.223692
-259469.661192
-259469.067443
-259467.317446
-259468.692443
-259469.036193
-259468.254944
-259470.098691
-259470.661190
-259468.661193
-259468.098694
-259469.379942
-259468.348694
-259467.004946
-259468.723693
-259467.629945
-259469.004943
-259469.223692
-259468.379944
-259469.536192
-259468.536194
-259467.786195
-259467.036196
-259468.411194
-259467.692445
-259468.161194
-259468.223694
-259468.598693
-259468.629943
-259468.286194
-259466.223698
-259467.536195
-259466.348698
-259467.067446
-259467.723695
-259469.286192
-259468.317444
-259467.473696
-259468.129944
-259468.223694
-259468.067444
-259470.098691
-259468.723693
-259467.661195
-259466.661197
-259466.973696
-259467.973695
-259466.786197
-259467.286196
-259467.036196
-259464.629951
-259467.973695
-259469.348692
-259467.567445
-259466.848697
-259467.473696
-259469.004943
-259468.192444
-259468.629943
-259469.286192
-259469.879941
-259469.036193
-259468.911193
-259468.504944
-259467.848695
-259466.879947
-259468.348694
-259469.223692
-259468.973693
-259468.379944
-259468.536194
-259468.723693
-259468.473694
-259467.036196
-259469.254942
-259467.661195
-259467.567445
-259467.317446
-259469.629942
-259466.942447
-259467.536195
-259468.567444
-259467.411196
-259468.536194
-259469.192442
-259469.442442
-259469.504942
-259470.036191
-259469.567442
-259468.036195
-259469.036193
-259468.629943
-259468.754943
-259467.879945
-259468.692443
-259468.254944
-259468.254944
-259468.348694
-259468.598693
-259468.536194
-259469.161192
-259468.786193
-259468.161194
-259467.754945
-259468.661193
-259469.129942
-259469.536192
-259468.911193
-259469.817441
-259468.286194
-259466.629947
-259468.254944
-259468.067444
-259467.254946
-259466.598697
-259468.129944
-259467.817445
-259467.629945
-259468.723693
-259467.473696
-259468.004945
-259467.411196
-259467.723695
-259468.786193
-259466.504947
-259468.379944
-259467.348696
-259468.411194
-259467.567445
-259467.286196
-259468.661193
-259468.598693
-259468.536194
-259467.848695
-259469.473692
-259468.598693
-259468.254944
-259467.411196
-259468.629943
-259468.223694
-259468.223694
-259467.817445
-259469.129942
-259468.536194
-259467.223696
-259467.973695
-259468.661193
-259469.379942
-259468.692443
-259468.629943
-259468.067444
-259465.848699
-259468.067444
-259467.942445
-259468.098694
-259468.629943
-259469.129942
-259468.911193
-259467.692445
-259467.192446
-259466.442447
-259468.629943
-259468.629943
-259467.411196
-259467.817445
-259467.661195
-259468.911193
-259469.723691
-259467.504945
-259467.911195
-259468.942443
-259467.879945
-259469.567442
-259469.661192
-259469.567442
-259468.786193
-259470.411190
-259466.504947
-259466.004948
-259468.973693
-259468.192444
-259467.348696
-259468.754943
-259469.254942
-259468.879943
-259469.004943
-259468.036195
-259468.192444
-259468.817443
-259468.942443
-259467.942445
-259467.973695
-259467.348696
-259467.567445
-259468.786193
-259468.567444
-259466.129948
-259467.723695
-259469.661192
-259468.129944
-259468.848693
-259468.192444
-259466.911197
-259468.848693
-259468.911193
-259468.536194
-259468.973693
-259468.848693
-259466.754947
-259468.317444
-259470.067441
-259468.629943
-259468.036195
-259467.879945
-259469.442442
-259469.379942
-259468.067444
-259467.661195
-259467.786195
-259467.411196
-259467.598695
-259469.379942
-259468.379944
-259467.348696
-259468.098694
-259468.911193
-259469.504942
-259468.848693
-259468.879943
-259468.973693
-259468.192444
-259468.286194
-259469.129942
-259470.036191
-259469.661192
-259469.192442
-259468.817443
-259467.911195
-259467.379946
-259467.536195
-259468.723693
-259468.473694
-259468.786193
-259468.411194
-259468.098694
-259469.629942
-259469.723691
-259466.411198
-259467.411196
-259468.379944
-259468.504944
-259468.911193
-259468.661193
-259469.379942
-259467.286196
-259467.879945
-259466.817447
-259467.973695
-259468.411194
-259467.379946
-259467.754945
-259468.286194
-259468.661193
-259468.004945
-259467.942445
-259467.848695
-259468.036195
-259467.536195
-259468.129944
-259468.504944
-259468.692443
-259468.286194
-259469.629942
-259468.911193
-259469.192442
-259468.473694
-259468.036195
-259465.817449
-259466.817447
-259469.004943
-259469.067443
-259469.598692
-259468.567444
-259468.067444
-259467.473696
-259468.129944
-259470.098691
-259467.504945
-259466.504947
-259466.973696
-259467.098696
-259469.536192
-259468.504944
-259468.379944
-259470.192441
-259470.067441
-259467.692445
-259467.973695
-259469.223692
-259469.411192
-259467.161196
-259467.942445
-259468.067444
-259468.629943
-259468.661193
-259466.411198
-259467.442446
-259467.911195
-259469.442442
-259467.879945
-259466.379948
-259468.036195
-259468.598693
-259467.317446
-259469.567442
-259470.504940
-259469.879941
-259467.254946
-259467.192446
-259468.567444
-259468.661193
-259468.754943
-259469.504942
-259467.723695
-259466.629947
-259466.848697
-259469.723691
-259469.317442
-259468.129944
-259468.411194
-259467.973695
-259468.004945
-259467.598695
-259469.661192
-259469.192442
-259468.473694
-259468.754943
-259467.598695
-259468.661193
-259468.723693
-259468.504944
-259467.629945
-259468.067444
-259468.442444
-259468.629943
-259466.317448
-259468.129944
-259468.536194
-259467.411196
-259467.723695
-259469.723691
-259467.942445
-259469.848691
-259468.004945
-259467.848695
-259468.317444
-259467.598695
-259467.786195
-259468.879943
-259468.067444
-259468.254944
-259467.192446
-259468.411194
-259467.473696
-259468.879943
-259467.067446
-259466.192448
-259468.661193
-259469.473692
-259469.286192
-259468.098694
-259468.661193
-259468.973693
-259468.348694
-259468.848693
-259470.161191
-259466.723697
-259468.692443
-259468.942443
-259468.192444
-259469.098693
-259469.723691
-259469.942441
-259468.192444
-259469.223692
-259470.192441
-259467.786195
-259466.629947
-259469.598692
-259468.942443
-259467.598695
-259467.504945
-259469.004943
-259469.629942
-259467.911195
-259468.567444
-259468.754943
-259468.473694
-259469.661192
-259469.192442
-259466.786197
-259468.098694
-259466.723697
-259467.379946
-259469.692441
-259469.129942
-259468.567444
-259468.723693
-259468.598693
-259468.317444
-259467.723695
-259467.348696
-259468.879943
-259468.004945
-259467.754945
-259468.629943
-259468.473694
-259469.067443
-259468.723693
-259468.192444
-259468.129944
-259468.598693
-259468.442444
-259466.942447
-259468.411194
-259468.286194
-259467.692445
-259469.129942
-259469.317442
-259467.192446
-259468.567444
-259468.473694
-259467.723695
-259467.879945
-259468.317444
-259469.098693
-259468.192444
-259467.411196
-259468.223694
-259468.129944
-259468.473694
-259468.254944
-259467.504945
-259468.004945
-259468.254944
-259467.473696
-259467.598695
-259468.504944
-259467.942445
-259468.973693
-259469.192442
-259468.629943
-259468.567444
-259467.786195
-259469.286192
-259468.942443
-259467.754945
-259468.848693
-259469.973691
-259467.536195
-259468.973693
-259468.411194
-259468.067444
-259469.973691
-259468.661193
-259469.004943
-259468.879943
-259470.036191
-259468.161194
-259467.473696
-259467.661195
-259469.723691
-259469.723691
-259466.973696
-259468.223694
-259468.629943
-259468.192444
-259467.692445
-259469.129942
-259467.754945
-259467.567445
-259468.223694
-259467.379946
-259468.161194
-259467.879945
-259469.161192
-259469.098693
-259469.536192
-259467.661195
-259468.036195
-259468.411194
-259468.036195
-259468.286194
-259467.911195
-259468.348694
-259468.848693
-259468.661193
-259468.536194
-259468.879943
-259468.254944
-259467.004946
-259468.067444
-259468.254944
-259468.661193
-259468.754943
-259469.348692
-259468.317444
-259467.754945
-259468.661193
-259468.723693
-259468.786193
-259467.598695
-259468.473694
-259468.567444
-259465.942448
-259467.129946
-259468.348694
-259467.848695
-259467.817445
-259467.286196
-259468.942443
-259469.504942
-259468.286194
-259469.067443
-259467.192446
-259468.254944
-259468.817443
-259468.411194
-259468.692443
-259466.536197
-259467.911195
-259470.317440
-259469.067443
-259468.286194
-259468.786193
-259468.004945
-259468.254944
-259468.473694
-259468.911193
-259470.442440
-259468.504944
-259467.723695
-259467.973695
-259468.317444
-259467.098696
-259468.161194
-259469.129942
-259470.129941
-259468.692443
-259468.723693
-259468.192444
-259467.567445
-259468.692443
-259468.848693
-259469.536192
-259469.223692
-259468.348694
-259468.192444
-259469.161192
-259467.317446
-259468.629943
-259468.036195
-259466.567447
-259468.473694
-259468.879943
-259467.661195
-259468.317444
-259470.879939
-259469.286192
-259467.692445
-259468.567444
-259468.348694
-259468.286194
-259467.911195
-259468.754943
-259468.067444
-259467.504945
-259466.598697
-259468.161194
-259470.286190
-259468.504944
-259468.536194
-259469.442442
-259469.473692
-259468.379944
-259467.379946
-259468.879943
-259469.379942
-259469.223692
-259466.411198
-259469.223692
-259468.004945
-259467.473696
-259468.911193
-259469.598692
-259469.254942
-259468.411194
-259467.129946
-259469.254942
-259468.786193
-259468.098694
-259467.129946
-259469.098693
-259468.754943
-259469.786191
-259469.129942
-259468.286194
-259469.598692
-259469.536192
-259468.411194
-259467.567445
-259468.098694
-259469.411192
-259468.348694
-259467.098696
-259468.317444
-259467.317446
-259469.442442
-259469.004943
-259467.911195
-259467.879945
-259467.379946
-259467.254946
-259468.692443
-259469.598692
-259468.911193
-259467.598695
-259468.379944
-259468.411194
-259468.723693
-259467.723695
-259468.598693
-259468.848693
-259468.129944
-259467.129946
-259467.411196
-259467.692445
-259468.411194
-259470.286190
-259470.348690
-259467.536195
-259466.692447
-259469.567442
-259468.411194
-259468.911193
-259469.786191
-259468.098694
-259467.536195
-259468.286194
-259467.629945
-259468.942443
-259468.473694
-259468.879943
-259468.036195
-259467.379946
-259467.817445
-259468.442444
-259467.661195
-259467.786195
-259467.754945
-259468.286194
-259468.473694
-259468.692443
-259469.067443
-259469.911191
-259469.942441
-259470.473690
-259469.254942
-259466.911197
-259468.192444
-259468.129944
-259468.911193
-259470.598690
-259468.973693
-259469.161192
-259468.598693
-259468.192444
-259468.973693
-259469.192442
-259469.473692
-259468.973693
-259466.317448
-259468.254944
-259467.661195
-259470.223690
-259469.973691
-259468.598693
-259465.661199
-259468.817443
-259467.504945
-259467.817445
-259468.379944
-259469.036193
-259468.848693
-259468.098694
-259468.911193
-259468.629943
-259468.223694
-259469.161192
-259468.817443
-259468.911193
-259467.442446
-259467.817445
-259467.567445
-259467.911195
-259469.661192
-259468.504944
-259468.911193
-259468.317444
-259469.723691
-259468.192444
-259469.067443
-259469.567442
-259467.004946
-259467.661195
-259469.036193
-259468.504944
-259469.254942
-259468.817443
-259468.129944
-259468.411194
-259468.223694
-259468.504944
-259468.536194
-259466.973696
-259466.192448
-259469.442442
-259469.504942
-259468.442444
-259468.411194
-259469.254942
-259468.161194
-259467.379946
-259467.536195
-259467.473696
-259467.692445
-259469.036193
-259468.567444
-259468.473694
-259468.879943
-259468.317444
-259466.567447
-259467.098696
-259467.911195
-259469.036193
-259469.473692
-259468.879943
-259470.286190
-259469.098693
-259467.817445
-259467.348696
-259468.223694
-259468.911193
-259467.692445
-259468.598693
-259468.661193
-259467.661195
-259468.661193
-259468.223694
-259467.442446
-259468.504944
-259467.754945
-259466.911197
-259467.629945
-259469.348692
-259469.161192
-259468.098694
-259467.192446
-259468.567444
-259468.911193
-259468.817443
-259467.504945
-259469.036193
-259469.036193
-259469.379942
-259467.504945
-259466.973696
-259468.504944
-259468.723693
-259468.536194
-259469.129942
-259468.411194
-259467.004946
-259468.723693
-259469.067443
-259468.692443
-259468.817443
-259470.067441
-259468.317444
-259467.786195
-259469.317442
-259468.411194
-259467.723695
-259468.754943
-259467.536195
-259468.942443
-259469.161192
-259468.942443
-259469.036193
-259468.661193
-259468.411194
-259467.379946
-259467.411196
-259469.754941
-259468.067444
-259466.473697
-259468.223694
-259469.911191
-259469.067443
-259468.192444
-259468.473694
-259468.661193
-259467.879945
-259468.348694
-259469.161192
-259469.848691
-259468.598693
-259467.036196
-259468.317444
-259469.129942
-259469.192442
-259470.036191
-259468.286194
-259467.317446
-259467.598695
-259467.223696
-259468.067444
-259467.317446
-259468.379944
-259469.192442
-259468.754943
-259468.442444
-259468.161194
-259468.286194
-259468.223694
-259469.192442
-259468.754943
-259468.129944
-259467.942445
-259467.692445
-259467.254946
-259469.098693
-259468.286194
-259467.286196
-259468.911193
-259469.848691
-259468.598693
-259468.192444
-259469.192442
-259468.411194
-259469.411192
-259467.442446
-259468.348694
-259468.036195
-259468.598693
-259468.661193
-259468.723693
-259468.067444
-259467.504945
-259467.379946
-259467.067446
-259468.223694
-259467.754945
-259467.786195
-259468.598693
-259466.661197
-259468.254944
-259469.254942
-259468.567444
-259468.442444
-259469.473692
-259470.504940
-259469.348692
-259469.411192
-259469.161192
-259468.223694
-259471.067439
-259468.192444
-259466.286198
-259468.161194
-259468.723693
-259468.379944
-259468.348694
-259468.317444
-259468.254944
-259468.161194
-259468.567444
-259468.442444
-259467.254946
-259468.161194
-259468.348694
-259467.129946
-259468.504944
-259469.567442
-259468.723693
-259467.973695
-259468.223694
-259469.067443
-259467.629945
-259466.473697
-259467.911195
-259468.754943
-259468.317444
-259468.067444
-259467.442446
-259467.129946
-259468.692443
-259469.442442
-259468.442444
-259468.598693
-259468.629943
-259469.504942
-259467.629945
-259467.223696
-259467.754945
-259469.817441
-259468.911193
-259467.098696
-259467.942445
-259468.598693
-259468.973693
-259467.911195
-259466.536197
-259466.473697
-259467.942445
-259469.723691
-259468.817443
-259467.036196
-259468.754943
-259468.879943
-259468.911193
-259468.754943
-259469.098693
-259467.911195
-259469.286192
-259468.098694
-259467.161196
-259466.911197
-259467.942445
-259468.911193
-259469.161192
-259467.567445
-259467.911195
-259468.567444
-259469.379942
-259468.161194
-259468.567444
-259468.786193
-259468.348694
-259468.161194
-259468.692443
-259467.098696
-259466.629947
-259468.754943
-259468.661193
-259468.004945
-259468.286194
-259468.223694
-259467.348696
-259468.473694
-259468.973693
-259469.098693
-259469.067443
-259467.598695
-259467.098696
-259467.254946
-259469.161192
-259467.129946
-259467.598695
-259468.411194
-259469.098693
-259467.973695
-259469.004943
-259469.817441
-259467.911195
-259468.442444
-259468.098694
-259469.692441
-259468.192444
-259468.973693
-259468.254944
-259467.629945
-259467.036196
-259467.879945
-259468.661193
-259467.223696
-259467.161196
-259468.598693
-259467.567445
-259468.004945
-259467.598695
-259467.536195
-259468.442444
-259468.973693
-259469.879941
-259467.286196
-259467.317446
-259469.692441
-259468.973693
-259468.317444
-259466.536197
-259467.161196
-259467.817445
-259469.379942
-259469.192442
-259466.661197
-259468.254944
-259468.504944
-259468.098694
-259467.567445
-259468.317444
-259469.067443
-259468.911193
-259469.348692
-259469.098693
-259468.379944
-259469.004943
-259469.192442
-259467.598695
-259468.223694
-259468.911193
-259468.004945
-259468.629943
-259468.348694
-259466.879947
-259468.223694
-259468.004945
-259468.254944
-259468.286194
-259468.348694
-259469.598692
-259467.661195
-259467.504945
-259469.004943
-259469.067443
-259468.598693
-259467.754945
-259470.254940
-259469.411192
-259468.036195
-259470.067441
-259467.598695
-259467.661195
-259467.411196
-259468.567444
-259467.817445
-259468.629943
-259468.223694
-259467.348696
-259469.317442
-259470.723690
-259469.098693
-259468.004945
-259467.192446
-259468.629943
-259468.098694
-259467.692445
-259469.504942
-259470.192441
-259467.723695
-259467.629945
-259468.536194
-259467.754945
-259468.067444
-259467.911195
-259467.817445
-259470.161191
-259468.004945
-259467.973695
-259467.598695
-259468.161194
-259468.661193
-259468.629943
-259467.817445
-259468.004945
-259469.286192
-259469.223692
-259468.379944
-259467.911195
-259469.567442
-259468.098694
-259465.973698
-259469.629942
-259469.692441
-259468.536194
-259468.473694
-259468.942443
-259467.911195
-259468.192444
-259469.067443
-259468.411194
-259470.536190
-259470.129941
-259467.098696
-259467.254946
-259469.161192
-259468.098694
-259467.942445
-259468.504944
-259469.317442
-259468.473694
-259467.598695
-259468.223694
-259468.379944
-259469.317442
-259468.786193
-259468.286194
-259468.817443
-259468.192444
-259466.817447
-259468.192444
-259466.661197
-259467.098696
-259470.348690
-259469.786191
-259468.692443
-259468.629943
-259468.348694
-259468.129944
-259468.911193
-259467.411196
-259468.911193
-259468.848693
-259467.192446
-259466.786197
-259467.504945
-259466.786197
-259467.442446
-259467.286196
-259468.067444
-259468.629943
-259468.004945
-259466.442447
-259468.754943
-259470.223690
-259471.223689
-259469.379942
-259468.661193
-259470.004941
-259469.786191
-259470.223690
-259468.661193
-259467.942445
-259467.911195
-259467.192446
-259468.504944
-259467.692445
-259465.786199
-259467.348696
-259467.848695
-259468.098694
-259468.879943
-259468.379944
-259468.848693
-259470.192441
-259467.379946
-259468.379944
-259469.817441
-259468.536194
-259467.661195
-259468.442444
-259467.661195
-259467.911195
-259470.129941
-259470.567440
-259469.254942
-259468.817443
-259468.598693
-259468.848693
-259468.098694
-259466.879947
-259468.692443
-259467.786195
-259467.723695
-259469.567442
-259469.723691
-259468.536194
-259468.973693
-259467.661195
-259466.942447
-259468.473694
-259469.629942
-259468.098694
-259468.254944
-259469.723691
-259468.692443
-259467.754945
-259467.504945
-259466.942447
-259466.598697
-259467.004946
-259468.192444
-259468.129944
-259466.817447
-259467.504945
-259467.817445
-259469.161192
-259469.348692
-259468.598693
-259467.911195
-259469.817441
-259469.317442
-259469.379942
-259468.286194
-259468.598693
-259468.817443
-259469.004943
-259469.879941
-259467.942445
-259467.973695
-259468.817443
-259467.973695
-259469.536192
-259469.161192
-259466.942447
-259468.098694
-259467.817445
-259468.911193
-259468.567444
-259467.067446
-259468.129944
-259469.129942
-259467.036196
-259467.348696
-259469.504942
-259468.973693
-259469.129942
-259467.567445
-259468.098694
-259468.348694
-259467.504945
-259469.879941
-259469.973691
-259467.504945
-259467.161196
-259468.692443
-259468.192444
-259467.098696
-259468.598693
-259468.911193
-259468.536194
-259467.567445
-259469.067443
-259468.754943
-259468.567444
-259467.973695
-259469.004943
-259469.723691
-259469.473692
-259468.661193
-259467.911195
-259469.473692
-259469.598692
-259467.817445
-259467.911195
-259467.786195
-259467.692445
-259467.567445
-259469.098693
-259468.504944
-259468.473694
-259468.567444
-259468.317444
-259466.254948
-259467.848695
-259469.161192
-259468.411194
-259469.442442
-259467.942445
-259469.942441
-259469.723691
-259468.411194
-259468.879943
-259467.754945
-259467.098696
-259468.286194
-259468.473694
-259468.536194
-259468.754943
-259467.817445
-259467.473696
-259467.911195
-259469.723691
-259468.598693
-259467.473696
-259468.254944
-259469.067443
-259469.161192
-259467.504945
-259467.817445
-259467.973695
-259469.004943
-259467.473696
-259467.848695
-259466.442447
-259467.411196
-259468.223694
-259468.223694
-259468.879943
-259468.504944
-259467.911195
-259468.723693
-259466.942447
-259468.348694
-259468.848693
-259468.348694
-259469.004943
-259469.442442
-259468.317444
-259468.629943
-259468.442444
-259468.817443
-259467.629945
-259466.973696
-259468.411194
-259470.036191
-259468.723693
-259467.161196
-259470.192441
-259469.723691
-259468.629943
-259468.629943
-259469.411192
-259469.286192
-259469.629942
-259470.379940
-259468.442444
-259469.161192
-259468.879943
-259466.942447
-259467.598695
-259468.223694
-259467.411196
-259469.254942
-259469.598692
-259468.036195
-259468.848693
-259468.536194
-259468.442444
-259467.098696
-259468.504944
-259469.567442
-259468.817443
-259468.973693
-259468.879943
-259468.004945
-259467.754945
-259467.411196
-259468.348694
-259469.348692
-259468.786193
-259468.629943
-259468.942443
-259466.692447
-259468.129944
-259467.942445
-259467.629945
-259468.504944
-259467.598695
-259467.754945
-259467.473696
-259468.692443
-259469.411192
-259468.129944
-259467.442446
-259469.223692
-259467.911195
-259467.723695
-259468.192444
-259469.067443
-259467.379946
-259467.223696
-259469.129942
-259469.223692
-259468.692443
-259468.348694
-259468.254944
-259468.442444
-259468.348694
-259467.223696
-259467.223696
-259467.286196
-259468.254944
-259469.161192
-259468.473694
-259469.598692
-259466.973696
-259466.911197
-259468.567444
-259469.973691
-259469.004943
-259467.879945
-259468.536194
-259469.879941
-259469.192442
-259468.536194
-259468.317444
-259469.317442
-259467.629945
-259467.098696
-259467.442446
-259467.629945
-259468.348694
-259467.473696
-259469.473692
-259470.442440
-259468.723693
-259468.254944
-259467.223696
-259468.286194
-259467.911195
-259467.098696
-259469.817441
-259468.036195
-259469.411192
-259469.723691
-259468.879943
-259469.536192
-259467.817445
-259469.129942
-259468.286194
-259469.161192
-259469.129942
-259469.629942
-259468.661193
-259468.098694
-259468.192444
-259468.598693
-259468.223694
-259469.192442
-259468.879943
-259469.973691
-259468.379944
-259468.161194
-259466.723697
-259466.754947
-259469.536192
-259468.848693
-259467.379946
-259466.942447
-259467.629945
-259469.223692
-259467.661195
-259468.192444
-259467.536195
-259468.411194
-259469.754941
-259469.348692
-259468.911193
-259467.223696
-259468.473694
-259467.536195
-259467.473696
-259469.129942
-259468.692443
-259467.817445
-259468.129944
-259468.161194
-259468.629943
-259469.411192
-259469.817441
-259469.567442
-259467.817445
-259467.692445
-259469.192442
-259470.536190
-259468.379944
-259467.848695
-259467.692445
-259468.036195
-259468.473694
-259469.098693
-259468.567444
-259468.348694
-259468.754943
-259467.004946
-259468.286194
-259467.598695
-259469.411192
-259469.661192
-259469.879941
-259468.161194
-259468.223694
-259467.442446
-259467.661195
-259469.254942
-259468.254944
-259469.192442
-259468.723693
-259467.629945
-259466.879947
-259467.473696
-259468.911193
-259469.036193
-259466.848697
-259467.754945
-259468.817443
-259469.067443
-259467.286196
-259468.192444
-259467.692445
-259467.098696
-259466.661197
-259469.129942
-259469.317442
-259468.411194
-259469.911191
-259468.848693
-259469.536192
-259468.223694
-259466.817447
-259468.348694
-259468.536194
-259469.661192
-259467.286196
-259468.067444
-259468.067444
-259467.504945
-259468.973693
-259468.817443
-259467.098696
-259465.848699
-259468.504944
-259467.817445
-259466.442447
-259468.348694
-259468.442444
-259468.504944
-259468.473694
-259467.161196
-259467.786195
-259467.536195
-259469.692441
-259467.129946
-259468.036195
-259467.473696
-259467.379946
-259468.723693
-259469.192442
-259468.192444
-259468.473694
-259469.223692
-259468.129944
-259467.192446
-259467.848695
-259467.786195
-259469.004943
-259469.192442
-259469.411192
-259468.817443
-259468.629943
-259465.973698
-259469.067443
-259468.411194
-259468.192444
-259468.661193
-259468.786193
-259467.536195
-259467.817445
-259468.317444
-259467.692445
-259468.661193
-259470.629940
-259468.911193
-259468.848693
-259468.379944
-259467.629945
-259468.098694
-259468.223694
-259468.661193
-259468.317444
-259466.504947
-259467.536195
-259468.192444
-259467.661195
-259468.536194
-259467.754945
-259468.536194
-259467.848695
-259467.286196
-259468.004945
-259468.379944
-259469.754941
-259469.536192
-259468.348694
-259465.848699
-259467.911195
-259468.942443
-259469.692441
-259468.286194
-259468.973693
-259470.004941
-259468.817443
-259465.161200
-259467.942445
-259468.379944
-259468.598693
-259469.692441
-259470.254940
-259468.348694
-259468.879943
-259468.411194
-259468.504944
-259469.411192
-259468.817443
-259467.004946
-259467.754945
-259469.473692
-259468.629943
-259467.942445
-259469.942441
-259470.317440
-259469.161192
-259469.848691
-259468.473694
-259467.661195
-259470.129941
-259468.129944
-259466.598697
-259468.129944
-259467.286196
-259467.911195
-259468.442444
-259467.879945
-259468.129944
-259467.629945
-259468.504944
-259468.942443
-259469.411192
-259468.379944
-259469.379942
-259469.036193
-259467.473696
-259467.536195
-259468.348694
-259467.286196
-259467.411196
-259467.848695
-259468.817443
-259469.161192
-259467.723695
-259468.504944
-259468.004945
-259468.254944
-259468.879943
-259468.786193
-259468.473694
-259469.879941
-259468.723693
-259467.192446
-259468.348694
-259467.848695
-259467.129946
-259467.911195
-259468.536194
-259467.598695
-259466.879947
-259467.723695
-259468.254944
-259468.004945
-259466.848697
-259467.504945
-259468.067444
-259468.911193
-259468.004945
-259468.036195
-259468.786193
-259467.692445
-259468.942443
-259469.598692
-259468.536194
-259467.661195
-259467.598695
-259466.567447
-259467.754945
-259469.754941
-259468.536194
-259466.442447
-259469.473692
-259468.661193
-259468.536194
-259468.379944
-259467.879945
-259469.411192
-259469.317442
-259468.973693
-259469.129942
-259467.942445
-259467.098696
-259467.473696
-259467.567445
-259467.723695
-259469.661192
-259469.254942
-259468.567444
-259469.254942
-259468.286194
-259468.942443
-259468.723693
-259467.442446
-259468.598693
-259468.536194
-259468.598693
-259469.411192
-259468.286194
-259467.036196
-259467.411196
-259467.942445
-259468.973693
-259468.879943
-259468.036195
-259467.973695
-259469.348692
-259468.911193
-259467.067446
-259468.254944
-259467.879945
-259469.192442
-259470.598690
-259470.286190
-259468.192444
-259467.879945
-259467.911195
-259469.036193
-259469.067443
-259468.848693
-259466.067448
-259467.036196
-259468.286194
-259469.567442
-259469.911191
-259468.473694
-259466.598697
-259468.223694
-259466.004948
-259467.692445
-259469.036193
-259469.004943
-259467.317446
-259467.411196
-259469.661192
-259468.379944
-259467.848695
-259468.786193
-259467.754945
-259468.129944
-259468.973693
-259468.754943
-259467.754945
-259466.254948
-259468.942443
-259469.192442
-259471.004939
-259469.942441
-259467.692445
-259467.942445
-259467.598695
-259467.629945
-259468.254944
-259470.223690
-259470.004941
-259467.692445
-259467.442446
-259468.786193
-259468.786193
-259469.723691
-259468.786193
-259467.004946
-259467.067446
-259466.942447
-259468.192444
-259467.754945
-259467.661195
-259468.348694
-259468.754943
-259468.254944
-259468.473694
-259468.598693
-259468.692443
-259469.379942
-259468.129944
-259468.411194
-259468.786193
-259467.348696
-259467.911195
-259468.723693
-259469.036193
-259468.911193
-259468.536194
-259468.473694
-259468.317444
-259468.379944
-259468.817443
-259468.067444
-259468.098694
-259468.567444
-259467.567445
-259467.692445
-259467.848695
-259469.223692
-259468.879943
-259468.067444
-259467.786195
-259468.817443
-259468.348694
-259468.067444
-259469.036193
-259468.567444
-259468.598693
-259469.411192
-259468.911193
-259466.786197
-259468.442444
-259468.473694
-259467.098696
-259467.848695
-259468.504944
-259469.629942
-259470.161191
-259468.286194
-259468.786193
-259470.286190
-259469.192442
-259467.692445
-259467.567445
-259467.379946
-259467.661195
-259469.598692
-259467.036196
-259467.161196
-259469.286192
-259468.348694
-259468.067444
-259468.848693
-259468.786193
-259467.286196
-259467.848695
-259468.098694
-259467.223696
-259468.254944
-259469.567442
-259468.442444
-259467.536195
-259467.692445
-259466.911197
-259468.317444
-259468.879943
-259469.036193
-259468.473694
-259467.911195
-259468.692443
-259470.473690
-259469.817441
-259468.786193
-259467.317446
-259468.036195
-259468.254944
-259468.723693
-259469.442442
-259468.786193
-259468.567444
-259469.192442
-259470.129941
-259468.473694
-259467.567445
-259466.286198
-259468.411194
-259467.317446
-259465.442449
-259468.411194
-259468.098694
-259467.848695
-259468.411194
-259469.004943
-259468.942443
-259468.036195
-259468.504944
-259469.192442
-259468.036195
-259466.536197
-259468.254944
-259468.911193
-259468.942443
-259467.473696
-259467.598695
-259468.536194
-259469.348692
-259468.692443
-259469.098693
-259469.973691
-259468.879943
-259469.723691
-259467.879945
-259467.348696
-259468.692443
-259469.129942
-259468.848693
-259466.317448
-259466.911197
-259467.254946
-259468.379944
-259468.536194
-259467.411196
-259467.286196
-259467.473696
-259468.473694
-259467.348696
-259467.067446
-259467.754945
-259468.004945
-259467.754945
-259468.473694
-259466.598697
-259467.379946
-259468.286194
-259468.004945
-259467.942445
-259470.254940
-259469.473692
-259469.004943
-259467.723695
-259466.442447
-259467.004946
-259468.098694
-259470.723690
-259468.942443
-259467.286196
-259467.598695
-259468.317444
-259469.754941
-259468.536194
-259468.786193
-259469.848691
-259469.879941
-259469.036193
-259468.161194
-259468.567444
-259468.567444
-259467.286196
-259467.504945
-259468.661193
-259469.567442
-259469.067443
-259469.317442
-259468.348694
-259468.254944
-259468.223694
-259467.817445
-259469.629942
-259467.567445
-259467.442446
-259467.786195
-259467.754945
-259468.848693
-259469.098693
-259468.161194
-259467.317446
-259470.504940
-259468.692443
-259468.692443
-259468.004945
-259466.754947
-259469.036193
-259469.004943
-259467.348696
-259467.661195
-259469.254942
-259468.161194
-259467.411196
-259469.129942
-259468.129944
-259468.504944
-259467.567445
-259467.754945
-259467.036196
-259467.348696
-259467.598695
-259467.723695
-259467.504945
-259468.661193
-259468.723693
-259468.036195
-259468.598693
-259467.879945
-259468.504944
-259468.129944
-259466.692447
-259467.286196
-259468.692443
-259467.661195
-259466.754947
-259467.786195
-259468.192444
-259468.442444
-259470.254940
-259468.504944
-259468.098694
-259467.536195
-259468.504944
-259469.411192
-259468.036195
-259468.067444
-259468.598693
-259468.192444
-259468.598693
-259467.754945
-259466.567447
-259467.692445
-259468.942443
-259468.004945
-259467.567445
-259469.317442
-259469.004943
-259469.254942
-259469.473692
-259468.004945
-259468.036195
-259467.911195
-259468.348694
-259468.598693
-259468.692443
-259469.223692
-259467.973695
-259468.817443
-259469.004943
-259470.004941
-259467.692445
-259467.942445
-259468.567444
-259468.629943
-259468.473694
-259468.067444
-259468.161194
-259468.973693
-259470.098691
-259469.473692
-259468.911193
-259467.598695
-259467.754945
-259468.067444
-259467.473696
-259468.348694
-259469.254942
-259468.223694
-259468.661193
-259468.536194
-259468.786193
-259467.129946
-259468.536194
-259469.192442
-259468.786193
-259467.661195
-259468.536194
-259469.379942
-259467.567445
-259468.473694
-259467.879945
-259467.879945
-259468.161194
-259468.629943
-259468.286194
-259467.504945
-259469.036193
-259467.661195
-259469.567442
-259468.129944
-259468.161194
-259469.254942
-259469.536192
-259469.254942
-259469.098693
-259468.411194
-259467.036196
-259467.629945
-259469.004943
-259468.692443
-259467.348696
-259468.473694
-259467.098696
-259468.286194
-259467.848695
-259469.004943
-259469.192442
-259469.192442
-259468.879943
-259468.723693
-259468.817443
-259467.286196
-259467.098696
-259467.786195
-259466.629947
-259466.911197
-259467.692445
-259468.661193
-259469.098693
-259467.879945
-259468.786193
-259466.817447
-259466.442447
-259469.786191
-259470.098691
-259467.504945
-259467.942445
-259469.036193
-259468.942443
-259467.442446
-259468.161194
-259467.661195
-259467.504945
-259468.098694
-259469.473692
-259468.036195
-259467.692445
-259467.317446
-259467.567445
-259469.192442
-259469.098693
-259468.129944
-259467.786195
-259468.817443
-259468.942443
-259467.504945
-259469.692441
-259469.348692
-259468.192444
-259467.973695
-259469.879941
-259467.442446
-259468.786193
-259468.661193
-259467.754945
-259469.192442
-259468.254944
-259467.879945
-259467.286196
-259469.036193
-259469.473692
-259468.692443
-259468.004945
-259467.411196
-259468.004945
-259468.504944
-259468.973693
-259467.473696
-259467.973695
-259468.879943
-259469.098693
-259469.598692
-259468.786193
-259468.004945
-259466.973696
-259467.411196
-259468.129944
-259469.348692
-259468.629943
-259468.223694
-259469.317442
-259466.942447
-259465.723699
-259468.536194
-259467.442446
-259466.161198
-259468.286194
-259469.442442
-259468.598693
-259468.567444
-259469.879941
-259467.723695
-259468.942443
-259469.067443
-259469.692441
-259468.754943
-259467.661195
-259468.192444
-259467.629945
-259469.004943
-259467.317446
-259467.473696
-259468.911193
-259468.161194
-259467.379946
-259466.629947
-259468.004945
-259467.817445
-259469.911191
-259469.723691
-259469.348692
-259467.098696
-259467.286196
-259467.442446
-259468.504944
-259467.379946
-259466.223698
-259467.067446
-259467.411196
-259467.911195
-259469.567442
-259469.911191
-259468.942443
-259468.254944
-259468.723693
-259466.442447
-259467.536195
-259467.911195
-259469.004943
-259467.473696
-259467.567445
-259469.379942
-259467.286196
-259469.098693
-259469.692441
-259468.036195
-259467.473696
-259467.786195
-259469.598692
-259469.911191
-259468.286194
-259468.411194
-259469.848691
-259468.067444
-259469.223692
-259469.848691
-259469.848691
-259469.223692
-259469.411192
-259466.598697
-259466.723697
-259468.223694
-259468.348694
-259468.379944
-259469.254942
-259468.286194
-259469.379942
-259468.973693
-259468.598693
-259468.598693
-259468.067444
-259467.879945
-259468.879943
-259468.067444
-259467.254946
-259467.348696
-259467.567445
-259468.317444
-259466.973696
-259468.192444
-259469.254942
-259469.067443
-259469.504942
-259468.411194
-259467.129946
-259469.286192
-259468.973693
-259468.848693
-259469.223692
-259467.973695
-259466.192448
-259467.692445
-259468.817443
-259468.348694
-259467.473696
-259467.129946
-259469.036193
-259467.973695
-259468.379944
-259469.629942
-259470.004941
-259469.754941
-259468.598693
-259470.848689
-259469.473692
-259467.848695
-259469.223692
-259468.817443
-259467.848695
-259467.692445
-259467.411196
-259468.598693
-259467.723695
-259468.067444
-259468.504944
-259468.754943
-259467.223696
-259467.754945
-259468.504944
-259468.411194
-259468.911193
-259468.598693
-259469.379942
-259467.786195
-259468.067444
-259468.848693
-259468.192444
-259468.567444
-259468.348694
-259465.661199
-259468.036195
-259470.348690
-259469.223692
-259468.973693
-259469.879941
-259469.817441
-259468.286194
-259467.973695
-259467.817445
-259468.411194
-259468.504944
-259467.692445
-259468.098694
-259466.786197
-259467.536195
-259469.004943
-259468.598693
-259467.504945
-259469.379942
-259468.723693
-259468.692443
-259468.254944
-259468.348694
-259468.004945
-259467.942445
-259468.504944
-259468.879943
-259468.473694
-259468.567444
-259468.411194
-259468.661193
-259468.504944
-259468.192444
-259468.754943
-259467.504945
-259467.786195
-259467.973695
-259468.504944
-259469.754941
-259467.129946
-259466.598697
-259467.036196
-259468.036195
-259469.911191
-259468.942443
-259467.879945
-259469.036193
-259469.161192
-259467.973695
-259467.661195
-259468.129944
-259468.536194
-259467.973695
-259467.723695
-259467.567445
-259469.098693
-259469.161192
-259467.536195
-259468.504944
-259468.317444
-259468.442444
-259467.911195
-259467.254946
-259469.598692
-259469.411192
-259467.379946
-259467.786195
-259469.536192
-259469.567442
-259467.161196
-259467.848695
-259468.723693
-259467.848695
-259466.973696
-259469.192442
-259469.567442
-259468.379944
-259468.598693
-259469.723691
-259469.286192
-259467.598695
-259468.411194
-259467.473696
-259467.254946
-259466.723697
-259468.817443
-259468.223694
-259468.348694
-259469.629942
-259469.567442
-259469.598692
-259469.442442
-259467.879945
-259469.129942
-259469.254942
-259469.161192
-259468.848693
-259467.786195
-259469.504942
-259469.004943
-259466.692447
-259468.661193
-259469.036193
-259468.129944
-259469.254942
-259466.911197
-259467.004946
-259468.504944
-259467.786195
-259467.973695
-259468.161194
-259468.223694
-259467.911195
-259466.411198
-259467.629945
-259465.973698
-259467.661195
-259466.879947
-259467.192446
-259468.504944
-259468.317444
-259467.879945
-259467.129946
-259467.223696
-259468.848693
-259467.661195
-259467.817445
-259467.067446
-259464.723701
-259469.286192
-259469.567442
-259467.942445
-259467.692445
-259469.442442
-259469.004943
-259467.567445
-259467.692445
-259469.661192
-259468.098694
-259466.098698
-259469.036193
-259468.567444
-259468.161194
-259467.411196
-259467.598695
-259468.942443
-259467.817445
-259466.411198
-259467.817445
-259469.598692
-259468.754943
-259468.098694
-259468.567444
-259469.348692
-259468.661193
-259468.161194
-259468.911193
-259469.067443
-259467.692445
-259468.348694
-259468.629943
-259469.036193
-259468.379944
-259468.004945
-259470.223690
-259468.692443
-259468.692443
-259468.254944
-259469.911191
-259469.661192
-259468.723693
-259467.317446
-259468.036195
-259468.598693
-259468.629943
-259466.692447
-259467.817445
-259467.629945
-259468.254944
-259467.567445
-259468.223694
-259468.036195
-259469.754941
-259469.536192
-259467.754945
-259468.536194
-259469.129942
-259468.286194
-259467.223696
-259467.473696
-259468.879943
-259468.723693
-259467.598695
-259467.161196
-259467.192446
-259467.942445
-259468.254944
-259467.692445
-259468.536194
-259469.723691
-259469.286192
-259469.629942
-259469.911191
-259469.536192
-259468.473694
-259467.973695
-259468.629943
-259468.254944
-259468.567444
-259467.911195
-259469.098693
-259468.629943
-259469.442442
-259467.192446
-259466.973696
-259468.942443
-259467.942445
-259468.192444
-259469.348692
-259469.098693
-259467.879945
-259467.786195
-259468.192444
-259468.536194
-259468.004945
-259467.317446
-259468.536194
-259467.317446
-259466.723697
-259468.629943
-259469.973691
-259468.661193
-259469.348692
-259469.411192
-259468.504944
-259468.098694
-259467.911195
-259468.629943
-259468.879943
-259468.442444
-259467.286196
-259468.192444
-259468.223694
-259469.223692
-259469.411192
-259468.629943
-259469.536192
-259468.442444
-259467.286196
-259468.254944
-259469.192442
-259470.473690
-259469.786191
-259468.723693
-259468.192444
-259467.536195
-259467.723695
-259468.911193
-259467.473696
-259469.036193
-259468.911193
-259467.973695
-259468.348694
-259468.286194
-259468.504944
-259469.317442
-259467.411196
-259466.911197
-259467.442446
-259468.411194
-259468.661193
-259468.473694
-259468.473694
-259466.973696
-259466.879947
-259467.473696
-259466.973696
-259468.379944
-259467.629945
-259466.411198
-259468.067444
-259466.661197
-259468.348694
-259469.067443
-259468.442444
-259468.223694
-259468.661193
-259469.067443
-259468.442444
-259468.348694
-259468.036195
-259467.942445
-259467.661195
-259468.817443
-259469.379942
-259469.161192
-259466.848697
-259468.692443
-259470.661190
-259470.098691
-259468.473694
-259467.848695
-259467.254946
-259466.692447
-259467.598695
-259469.192442
-259469.692441
-259468.786193
-259466.879947
-259467.473696
-259468.598693
-259467.723695
-259467.911195
-259466.442447
-259466.536197
-259469.254942
-259469.754941
-259468.254944
-259468.504944
-259469.192442
-259467.286196
-259466.442447
-259468.692443
-259469.161192
-259467.661195
-259466.442447
-259469.036193
-259468.442444
-259467.379946
-259467.286196
-259468.129944
-259468.817443
-259467.379946
-259467.692445
-259467.817445
-259469.661192
-259469.098693
-259467.786195
-259468.629943
-259469.754941
-259468.442444
-259467.129946
-259469.411192
-259467.442446
-259466.254948
-259468.817443
-259468.504944
-259468.848693
-259469.473692
-259467.223696
-259468.129944
-259467.629945
-259467.442446
-259467.754945
-259467.973695
-259468.911193
-259469.754941
-259469.442442
-259467.661195
-259467.754945
-259467.348696
-259468.348694
-259468.911193
-259468.567444
-259469.536192
-259469.004943
-259467.129946
-259468.723693
-259467.411196
-259468.286194
-259468.379944
-259468.192444
-259468.379944
-259468.129944
-259467.723695
-259468.879943
-259469.098693
-259467.036196
-259466.911197
-259467.411196
-259467.848695
-259467.504945
-259469.004943
-259468.786193
-259468.286194
-259467.536195
-259467.192446
-259467.348696
-259467.754945
-259468.879943
-259468.786193
-259470.036191
-259466.536197
-259466.223698
-259468.379944
-259466.004948
-259466.911197
-259468.942443
-259467.786195
-259467.754945
-259466.848697
-259467.848695
-259469.567442
-259467.723695
-259468.036195
-259468.817443
-259467.817445
-259468.942443
-259468.723693
-259467.692445
-259467.973695
-259469.536192
-259469.598692
-259467.286196
-259467.567445
-259467.504945
-259468.442444
-259469.942441
-259469.473692
-259469.067443
-259468.067444
-259469.629942
-259468.692443
-259468.254944
-259468.973693
-259467.879945
-259469.036193
-259467.911195
-259467.098696
-259468.129944
-259468.473694
-259469.286192
-259469.067443
-259467.348696
-259467.879945
-259467.942445
-259470.723690
-259470.661190
-259469.442442
-259466.911197
-259469.442442
-259466.598697
-259467.754945
-259468.942443
-259469.036193
-259468.192444
-259466.973696
-259468.254944
-259468.411194
-259468.598693
-259468.817443
-259467.004946
-259469.036193
-259468.723693
-259467.911195
-259467.067446
-259467.879945
-259468.973693
-259468.536194
-259468.192444
-259469.848691
-259470.411190
-259468.161194
-259467.817445
-259469.161192
-259466.442447
-259467.411196
-259468.223694
-259468.286194
-259469.473692
-259468.879943
-259468.067444
-259468.286194
-259468.848693
-259469.254942
-259468.567444
-259467.161196
-259466.786197
-259469.536192
-259469.567442
-259468.723693
-259469.004943
-259470.004941
-259468.848693
-259468.192444
-259467.661195
-259467.629945
-259466.723697
-259468.723693
-259467.879945
-259468.536194
-259468.411194
-259468.348694
-259466.723697
-259467.692445
-259468.754943
-259468.879943
-259467.942445
-259468.286194
-259469.567442
-259468.661193
-259467.973695
-259468.629943
-259469.536192
-259469.442442
-259467.911195
-259466.504947
-259467.379946
-259467.442446
-259468.161194
-259466.942447
-259467.004946
-259468.504944
-259468.848693
-259470.036191
-259468.848693
-259468.629943
-259469.442442
-259468.286194
-259468.786193
-259467.223696
-259468.067444
-259467.411196
-259466.223698
-259468.129944
-259468.473694
-259468.754943
-259468.036195
-259466.973696
-259468.223694
-259468.879943
-259469.036193
-259468.692443
-259468.942443
-259467.661195
-259468.973693
-259468.567444
-259467.004946
-259468.692443
-259469.536192
-259467.223696
-259468.192444
-259467.942445
-259468.786193
-259468.817443
-259468.129944
-259466.879947
-259468.192444
-259468.754943
-259468.442444
-259468.254944
-259468.786193
-259469.129942
-259468.504944
-259467.567445
-259469.786191
-259469.254942
-259467.317446
-259468.786193
-259469.254942
-259468.598693
-259468.411194
-259469.411192
-259469.754941
-259467.817445
-259466.879947
-259468.004945
-259468.786193
-259468.442444
-259466.348698
-259467.598695
-259467.911195
-259467.723695
-259468.286194
-259467.536195
-259467.129946
-259467.723695
-259467.723695
-259469.817441
-259468.661193
-259468.442444
-259468.129944
-259469.004943
-259468.098694
-259468.911193
-259467.192446
-259466.848697
-259468.348694
-259467.754945
-259468.536194
-259468.661193
-259468.004945
-259468.129944
-259468.536194
-259466.786197
-259467.661195
-259469.817441
-259469.879941
-259468.504944
-259467.098696
-259468.817443
-259468.848693
-259469.098693
-259468.254944
-259468.411194
-259467.536195
-259467.661195
-259468.504944
-259468.692443
-259468.661193
-259468.254944
-259467.848695
-259467.129946
-259468.004945
-259469.536192
-259468.723693
-259469.161192
-259467.723695
-259469.286192
-259468.786193
-259468.317444
-259468.098694
-259468.473694
-259468.661193
-259468.161194
-259470.161191
-259468.442444
-259467.598695
-259470.754939
-259468.129944
-259467.504945
-259467.692445
-259467.473696
-259469.348692
-259470.473690
-259469.379942
-259468.942443
-259468.942443
-259468.286194
-259468.942443
-259465.942448
-259468.629943
-259468.848693
-259468.254944
-259468.067444
-259469.723691
-259470.473690
-259468.629943
-259468.129944
-259468.911193
-259469.536192
-259467.754945
-259467.879945
-259468.317444
-259468.848693
-259468.192444
-259467.286196
-259467.911195
-259467.911195
-259469.098693
-259467.879945
-259469.192442
-259469.129942
-259468.973693
-259467.504945
-259467.286196
-259467.442446
-259469.379942
-259469.536192
-259467.567445
-259467.817445
-259468.504944
-259468.598693
-259467.036196
-259467.629945
-259468.161194
-259468.223694
-259468.786193
-259468.129944
-259467.598695
-259468.348694
-259467.973695
-259467.411196
-259467.911195
-259468.348694
-259468.817443
-259469.848691
-259467.911195
-259467.098696
-259467.661195
-259469.723691
-259469.379942
-259469.067443
-259467.879945
-259468.129944
-259467.973695
-259469.098693
-259468.879943
-259468.254944
-259468.848693
-259468.692443
-259469.161192
-259469.161192
-259467.192446
-259468.567444
-259469.536192
-259467.973695
-259467.223696
-259467.036196
-259467.817445
-259467.286196
-259469.192442
-259468.411194
-259467.567445
-259468.004945
-259468.067444
-259467.942445
-259469.004943
-259470.286190
-259468.411194
-259468.004945
-259468.536194
-259468.692443
-259467.348696
-259468.223694
-259469.911191
-259469.098693
-259469.848691
-259468.692443
-259469.598692
-259467.692445
-259468.817443
-259468.473694
-259467.754945
-259467.442446
-259468.754943
-259469.911191
-259467.754945
-259468.223694
-259469.379942
-259468.942443
-259468.129944
-259468.879943
-259469.223692
-259469.067443
-259469.379942
-259469.536192
-259466.942447
-259467.848695
-259468.629943
-259467.442446
-259469.098693
-259468.598693
-259469.473692
-259469.223692
-259468.411194
-259468.817443
-259468.036195
-259468.973693
-259468.129944
-259466.129948
-259465.723699
-259468.536194
-259468.942443
-259469.192442
-259469.692441
-259469.004943
-259468.629943
-259469.379942
-259469.504942
-259468.442444
-259468.879943
-259468.661193
-259466.629947
-259467.723695
-259468.067444
-259466.942447
-259469.192442
-259467.036196
-259468.348694
-259469.036193
-259468.692443
-259469.161192
-259468.036195
-259468.598693
-259468.129944
-259468.223694
-259467.442446
-259467.004946
-259470.598690
-259469.348692
-259467.817445
-259468.879943
-259467.473696
-259468.161194
-259468.504944
-259470.098691
-259469.504942
-259468.879943
-259467.098696
-259466.973696
-259469.192442
-259470.192441
-259469.161192
-259470.192441
-259468.598693
-259469.379942
-259469.348692
-259468.161194
-259469.254942
-259470.067441
-259467.536195
-259468.223694
-259469.098693
-259467.536195
-259468.254944
-259466.848697
-259467.317446
-259469.098693
-259468.254944
-259467.473696
-259468.286194
-259467.629945
-259467.442446
-259467.661195
-259467.567445
-259468.129944
-259469.786191
-259469.942441
-259467.536195
-259467.911195
-259469.817441
-259469.129942
-259466.098698
-259469.536192
-259469.254942
-259468.911193
-259469.536192
-259470.161191
-259467.879945
-259467.661195
-259467.692445
-259467.661195
-259470.411190
-259469.317442
-259468.379944
-259468.442444
-259469.504942
-259468.504944
-259468.692443
-259468.317444
-259468.286194
-259468.192444
-259467.442446
-259468.411194
-259468.817443
-259469.848691
-259468.254944
-259467.317446
-259468.629943
-259468.598693
-259467.661195
-259468.411194
-259466.661197
-259466.661197
-259467.848695
-259468.254944
-259468.379944
-259468.879943
-259468.254944
-259469.817441
-259469.411192
-259468.192444
-259467.754945
-259467.692445
-259467.161196
-259467.723695
-259468.317444
-259467.254946
-259467.879945
-259467.598695
-259469.036193
-259469.223692
-259468.473694
-259466.942447
-259467.473696
-259468.754943
-259469.286192
-259468.254944
-259467.754945
-259469.223692
-259468.661193
-259468.348694
-259468.067444
-259468.004945
-259469.348692
-259468.192444
-259468.473694
-259467.879945
-259468.067444
-259469.348692
-259468.348694
-259467.598695
-259469.004943
-259468.504944
-259468.754943
-259469.192442
-259466.973696
-259466.286198
-259470.317440
-259467.973695
-259467.661195
-259468.567444
-259467.098696
-259468.223694
-259468.661193
-259469.067443
-259468.442444
-259468.036195
-259468.317444
-259469.223692
-259468.786193
-259467.473696
-259469.098693
-259468.223694
-259467.817445
-259468.379944
-259468.973693
-259469.379942
-259469.317442
-259468.536194
-259467.536195
-259468.692443
-259469.192442
-259467.911195
-259468.036195
-259468.192444
-259468.098694
-259467.629945
-259467.067446
-259467.473696
-259467.411196
-259467.942445
-259468.817443
-259468.254944
-259466.661197
-259468.442444
-259467.817445
-259468.536194
-259470.036191
-259467.973695
-259466.567447
-259469.661192
-259468.161194
-259468.067444
-259467.254946
-259467.504945
-259466.161198
-259467.129946
-259469.161192
-259467.879945
-259468.629943
-259468.692443
-259466.973696
-259469.661192
-259469.786191
-259468.098694
-259468.911193
-259468.442444
-259469.379942
-259468.536194
-259466.723697
-259468.504944
-259469.067443
-259466.692447
-259468.036195
-259468.911193
-259468.379944
-259467.848695
-259467.504945
-259468.692443
-259469.661192
-259467.754945
-259468.473694
-259468.661193
-259468.161194
-259467.942445
-259467.567445
-259466.754947
-259467.254946
-259470.317440
-259469.348692
-259468.067444
-259467.879945
-259467.817445
-259469.254942
-259469.567442
-259467.911195
-259468.129944
-259468.317444
-259469.067443
-259467.379946
-259467.973695
-259467.286196
-259468.629943
-259468.036195
-259468.786193
-259468.973693
-259469.192442
-259468.254944
-259469.786191
-259469.598692
-259469.317442
-259468.973693
-259469.817441
-259468.598693
-259468.442444
-259468.973693
-259467.192446
-259468.879943
-259467.442446
-259469.192442
-259468.004945
-259468.723693
-259468.161194
-259466.129948
-259467.192446
-259468.942443
-259468.911193
-259468.754943
-259469.004943
-259468.286194
-259468.411194
-259469.004943
-259469.629942
-259468.629943
-259466.973696
-259467.942445
-259468.254944
-259469.348692
-259467.848695
-259468.629943
-259468.723693
-259469.004943
-259468.254944
-259469.536192
-259467.379946
-259468.411194
-259470.004941
-259467.942445
-259468.442444
-259467.973695
-259467.911195
-259469.036193
-259467.192446
-259468.067444
-259468.879943
-259468.942443
-259469.161192
-259468.754943
-259469.129942
-259468.973693
-259467.286196
-259468.411194
-259467.911195
-259466.567447
-259468.973693
-259470.692440
-259468.098694
-259466.098698
-259469.098693
-259469.098693
-259468.286194
-259469.036193
-259468.754943
-259468.442444
-259468.567444
-259468.754943
-259468.098694
-259468.161194
-259467.973695
-259466.254948
-259468.379944
-259467.942445
-259467.661195
-259469.879941
-259469.411192
-259468.629943
-259469.848691
-259469.942441
-259470.317440
-259467.161196
-259467.504945
-259469.598692
-259468.098694
-259468.317444
-259468.661193
-259469.442442
-259468.254944
-259468.379944
-259469.692441
-259468.754943
-259467.161196
-259467.692445
-259468.254944
-259468.442444
-259468.848693
-259468.973693
-259467.661195
-259468.786193
-259468.411194
-259467.473696
-259468.379944
-259470.004941
-259469.317442
-259467.911195
-259469.254942
-259470.348690
-259468.098694
-259468.254944
-259468.973693
-259468.848693
-259467.754945
-259467.442446
-259468.223694
-259467.879945
-259467.317446
-259468.129944
-259469.473692
-259468.692443
-259468.598693
-259468.129944
-259467.973695
-259467.411196
-259467.848695
-259468.317444
-259468.754943
-259468.067444
-259468.348694
-259468.223694
-259469.161192
-259469.161192
-259468.317444
-259468.911193
-259468.754943
-259470.254940
-259469.692441
-259468.317444
-259467.723695
-259469.317442
-259468.286194
-259468.661193
-259468.536194
-259469.067443
-259468.973693
-259468.567444
-259468.692443
-259468.848693
-259469.067443
-259468.411194
-259467.661195
-259467.692445
-259467.848695
-259467.848695
-259469.473692
-259467.973695
-259468.161194
-259468.473694
-259468.317444
-259469.129942
-259469.536192
-259468.754943
-259467.067446
-259468.754943
-259468.161194
-259468.004945
-259468.629943
-259468.754943
-259468.036195
-259468.473694
-259468.817443
-259467.754945
-259469.036193
-259469.786191
-259468.067444
-259467.411196
-259467.067446
-259467.723695
-259468.879943
-259467.004946
-259466.942447
-259468.411194
-259468.442444
-259469.379942
-259467.692445
-259468.286194
-259467.848695
-259468.067444
-259468.942443
-259468.723693
-259468.317444
-259467.911195
-259469.567442
-259467.629945
-259468.442444
-259469.848691
-259469.286192
-259467.879945
-259467.692445
-259468.254944
-259468.067444
-259468.536194
-259469.192442
-259469.067443
-259468.098694
-259468.442444
-259468.942443
-259469.161192
-259467.973695
-259468.411194
-259468.504944
-259468.067444
-259468.567444
-259469.098693
-259468.598693
-259466.379948
-259466.348698
-259466.629947
-259468.442444
-259468.786193
-259467.973695
-259467.661195
-259467.911195
-259467.942445
-259468.129944
-259466.661197
-259466.629947
-259468.817443
-259469.692441
-259469.223692
-259468.848693
-259468.754943
-259467.848695
-259469.629942
-259469.817441
-259468.754943
-259466.754947
-259467.723695
-259469.723691
-259469.348692
-259467.629945
-259469.067443
-259467.786195
-259467.036196
-259466.629947
-259468.473694
-259468.629943
-259467.817445
-259468.192444
-259469.348692
-259469.036193
-259468.473694
-259465.723699
-259467.254946
-259468.567444
-259469.723691
-259467.629945
-259467.567445
-259467.942445
-259467.036196
-259468.598693
-259468.879943
-259467.629945
-259467.661195
-259469.379942
-259469.411192
-259468.911193
-259468.348694
-259467.598695
-259468.004945
-259467.473696
-259467.286196
-259468.661193
-259468.067444
-259469.098693
-259466.692447
-259468.223694
-259467.879945
-259467.879945
-259467.879945
-259469.254942
-259467.848695
-259467.661195
-259469.817441
-259468.036195
-259467.286196
-259467.754945
-259468.129944
-259468.254944
-259467.098696
-259467.223696
-259468.442444
-259469.504942
-259467.786195
-259468.973693
-259468.473694
-259469.317442
-259468.911193
-259470.317440
-259469.192442
-259468.504944
-259467.911195
-259468.129944
-259467.723695
-259467.973695
-259467.598695
-259469.004943
-259469.504942
-259467.629945
-259467.473696
-259469.286192
-259469.661192
-259468.598693
-259466.692447
-259469.223692
-259468.411194
-259468.567444
-259468.911193
-259466.598697
-259467.942445
-259468.473694
-259467.786195
-259468.911193
-259468.567444
-259467.692445
-259467.661195
-259468.129944
-259466.973696
-259468.036195
-259470.442440
-259470.567440
-259468.317444
-259468.348694
-259468.129944
-259468.411194
-259465.629949
-259468.411194
-259467.379946
-259467.004946
-259468.286194
-259468.411194
-259467.536195
-259468.442444
-259467.661195
-259469.348692
-259471.067439
-259469.786191
-259467.504945
-259468.661193
-259469.942441
-259467.911195
-259466.692447
-259468.317444
-259467.348696
-259467.848695
-259469.067443
-259467.223696
-259465.754949
-259468.973693
-259468.223694
-259466.598697
-259467.504945
-259468.442444
-259469.192442
-259468.848693
-259468.254944
-259468.567444
-259466.504947
-259467.411196
-259468.004945
-259468.567444
-259467.879945
-259468.504944
-259468.254944
-259467.567445
-259469.786191
-259469.661192
-259468.911193
-259468.192444
-259468.661193
-259468.942443
-259468.692443
-259467.567445
-259468.286194
-259467.723695
-259467.473696
-259468.379944
-259467.723695
-259467.161196
-259469.223692
-259468.067444
-259468.129944
-259468.411194
-259468.067444
-259468.192444
-259469.067443
-259468.786193
-259467.536195
-259467.848695
-259468.942443
-259469.473692
-259468.473694
-259468.379944
-259469.129942
-259468.129944
-259468.004945
-259467.692445
-259468.723693
-259469.629942
-259468.286194
-259468.598693
-259468.942443
-259469.286192
-259468.036195
-259468.317444
-259468.504944
-259469.348692
-259470.098691
-259467.567445
-259467.973695
-259469.536192
-259466.879947
-259468.161194
-259468.973693
-259468.848693
-259469.598692
-259468.692443
-259468.442444
-259469.004943
-259468.379944
-259468.411194
-259467.129946
-259465.911198
-259466.661197
-259468.598693
-259468.692443
-259468.286194
-259468.536194
-259468.848693
-259469.567442
-259469.598692
-259467.911195
-259468.004945
-259467.879945
-259467.754945
-259468.442444
-259468.348694
-259467.473696
-259466.473697
-259466.973696
-259468.723693
-259470.192441
-259468.504944
-259468.848693
-259469.098693
-259468.379944
-259467.504945
-259468.411194
-259470.004941
-259469.161192
-259468.254944
-259468.567444
-259469.942441
-259468.661193
-259467.598695
-259468.567444
-259468.692443
-259467.004946
-259465.661199
-259467.848695
-259466.661197
-259468.036195
-259468.286194
-259467.348696
-259466.629947
-259468.067444
-259467.598695
-259468.723693
-259468.598693
-259468.661193
-259467.036196
-259467.879945
-259469.254942
-259468.942443
-259468.442444
-259468.192444
-259467.786195
-259469.598692
-259469.536192
-259468.067444
-259467.161196
-259467.973695
-259468.973693
-259469.004943
-259469.973691
-259469.911191
-259468.879943
-259467.848695
-259467.848695
-259467.129946
-259467.536195
-259469.817441
-259469.879941
-259468.129944
-259467.911195
-259468.411194
-259468.536194
-259469.192442
-259468.004945
-259466.754947
-259468.067444
-259468.661193
-259468.036195
-259467.754945
-259467.254946
-259466.973696
-259467.348696
-259465.598699
-259468.129944
-259468.036195
-259468.192444
-259468.629943
-259468.567444
-259469.161192
-259469.629942
-259468.411194
-259468.473694
-259468.536194
-259468.192444
-259468.848693
-259468.192444
-259468.536194
-259469.129942
-259467.817445
-259467.723695
-259467.442446
-259467.629945
-259469.848691
-259469.442442
-259469.442442
-259468.504944
-259470.317440
-259468.536194
-259468.348694
-259467.848695
-259467.817445
-259467.004946
-259468.504944
-259468.567444
-259469.036193
-259469.692441
-259469.692441
-259469.411192
-259468.629943
-259469.379942
-259468.161194
-259466.661197
-259467.536195
-259468.504944
-259469.504942
-259468.661193
-259467.473696
-259468.536194
-259469.317442
-259469.286192
-259466.879947
-259467.192446
-259467.598695
-259469.036193
-259468.942443
-259466.442447
-259466.661197
-259469.004943
-259469.973691
-259468.473694
-259467.317446
-259469.098693
-259467.411196
-259467.692445
-259468.129944
-259467.129946
-259468.254944
-259468.473694
-259467.786195
-259467.161196
-259466.973696
-259468.661193
-259468.692443
-259469.129942
-259469.473692
-259470.192441
-259468.692443
-259468.098694
-259468.036195
-259469.036193
-259469.067443
-259467.723695
-259469.754941
-259469.004943
-259468.567444
-259468.536194
-259466.973696
-259467.973695
-259468.348694
-259468.567444
-259469.098693
-259469.317442
-259468.473694
-259469.442442
-259468.536194
-259465.879948
-259467.879945
-259467.254946
-259468.161194
-259469.942441
-259470.411190
-259469.598692
-259469.223692
-259469.317442
-259469.161192
-259467.536195
-259467.348696
-259468.473694
-259468.786193
-259468.098694
-259467.598695
-259466.942447
-259468.598693
-259469.129942
-259468.067444
-259466.504947
-259467.723695
-259469.317442
-259468.379944
-259467.598695
-259467.411196
-259468.348694
-259468.098694
-259467.223696
-259466.192448
-259467.473696
-259468.317444
-259468.661193
-259469.192442
-259467.286196
-259468.223694
-259468.817443
-259469.504942
-259468.036195
-259467.536195
-259468.567444
-259469.004943
-259467.192446
-259468.348694
-259466.661197
-259468.879943
-259469.348692
-259468.223694
-259468.004945
-259468.442444
-259469.129942
-259469.786191
-259468.848693
-259468.161194
-259468.536194
-259469.036193
-259470.536190
-259467.629945
-259467.567445
-259468.129944
-259468.442444
-259470.567440
-259468.036195
-259467.661195
-259467.817445
-259468.473694
-259468.786193
-259467.786195
-259468.504944
-259468.848693
-259468.004945
-259467.348696
-259468.504944
-259468.629943
-259467.317446
-259469.129942
-259468.661193
-259468.161194
-259467.067446
-259466.973696
-259467.567445
-259466.317448
-259466.473697
-259467.161196
-259467.161196
-259468.567444
-259469.473692
-259468.192444
-259467.973695
-259468.786193
-259466.723697
-259466.723697
-259468.942443
-259468.254944
-259469.848691
-259470.098691
-259468.723693
-259468.661193
-259469.661192
-259467.254946
-259467.004946
-259468.879943
-259469.223692
-259469.786191
-259468.442444
-259468.004945
-259467.786195
-259469.004943
-259469.286192
-259468.536194
-259467.817445
-259468.504944
-259468.911193
-259467.942445
-259468.411194
-259467.911195
-259467.786195
-259467.848695
-259467.754945
-259467.692445
-259468.786193
-259468.567444
-259468.754943
-259469.254942
-259468.286194
-259467.786195
-259469.254942
-259467.661195
-259467.192446
-259466.129948
-259466.973696
-259469.004943
-259468.473694
-259468.192444
-259469.348692
-259468.692443
-259468.473694
-259468.661193
-259468.411194
-259469.567442
-259469.786191
-259468.067444
-259469.473692
-259470.004941
-259469.067443
-259468.504944
-259468.129944
-259468.036195
-259468.754943
-259468.473694
-259468.629943
-259468.036195
-259468.442444
-259467.754945
-259466.911197
-259467.817445
-259467.442446
-259468.379944
-259467.254946
-259467.817445
-259467.348696
-259468.129944
-259470.192441
-259468.536194
-259467.973695
-259468.036195
-259469.567442
-259468.067444
-259468.442444
-259468.661193
-259468.129944
-259470.004941
-259469.161192
-259468.504944
-259467.598695
-259465.661199
-259467.379946
-259468.817443
-259469.129942
-259467.254946
-259469.004943
-259469.473692
-259469.098693
-259467.692445
-259467.723695
-259470.223690
-259467.004946
-259468.004945
-259469.536192
-259469.379942
-259467.973695
-259469.254942
-259468.379944
-259466.598697
-259468.629943
-259467.911195
-259469.536192
-259468.504944
-259467.629945
-259469.442442
-259468.661193
-259468.598693
-259468.411194
-259469.129942
-259468.567444
-259467.879945
-259468.442444
-259468.911193
-259468.348694
-259469.004943
-259467.879945
-259468.129944
-259467.036196
-259468.348694
-259468.192444
-259469.317442
-259468.567444
-259468.223694
-259468.379944
-259467.411196
-259467.567445
-259468.942443
-259467.223696
-259467.942445
-259467.629945
-259468.286194
-259469.973691
-259467.786195
-259469.567442
-259466.754947
-259466.161198
-259468.442444
-259470.473690
-259468.473694
-259468.161194
-259469.348692
-259470.473690
-259467.536195
-259467.754945
-259467.692445
-259468.192444
-259468.661193
-259470.098691
-259468.442444
-259467.067446
-259466.036198
-259466.754947
-259468.942443
-259468.536194
-259467.911195
-259469.879941
-259470.723690
-259470.567440
-259469.004943
-259470.067441
-259468.973693
-259468.504944
-259468.879943
-259469.067443
-259466.379948
-259466.848697
-259468.692443
-259467.223696
-259467.786195
-259468.223694
-259467.286196
-259467.942445
-259469.129942
-259469.036193
-259467.692445
-259468.567444
-259468.567444
-259468.036195
-259468.848693
-259468.129944
-259466.973696
-259467.848695
-259467.754945
-259467.192446
-259467.817445
-259469.098693
-259467.629945
-259466.942447
-259468.473694
-259469.629942
-259470.036191
-259469.504942
-259468.223694
-259469.442442
-259468.629943
-259467.848695
-259470.317440
-259469.661192
-259468.254944
-259467.848695
-259468.067444
-259468.536194
-259469.098693
-259468.973693
-259468.317444
-259469.473692
-259467.848695
-259469.348692
-259468.879943
-259467.192446
-259468.692443
-259468.129944
